0.0503 0.1919 0.0684
0.0508 0.2533 0.0806
0.0513 0.0696 0.0402
0.0518 0.1617 0.0613
0.0523 0.0981 0.0443
0.0528 0.1628 0.0673
0.0533 0.1182 0.0537
0.0538 0.2053 0.0622
0.0543 0.1684 0.0694
0.0548 0.0921 0.0463
0.0553 0.0885 0.0510
0.0558 0.1230 0.0477
0.0563 0.0988 0.0497
0.0568 0.1157 0.0592
0.0573 0.0902 0.0453
0.0578 0.1529 0.0626
0.0583 -0.0004 1.0000
0.0588 0.2440 0.0835
0.0593 0.0511 0.0362
0.0598 0.0804 0.0473
0.0603 0.1381 0.0628
0.0608 0.1077 0.0555
0.0612 0.0616 0.0439
0.0617 0.0921 0.0474
0.0622 0.0601 0.0433
0.0628 0.1039 0.0523
0.0633 0.1274 0.0571
0.0638 0.0689 0.0487
0.0643 0.0317 0.0320
0.0648 0.0509 0.0361
0.0653 0.1207 0.0605
0.0658 0.0572 0.0410
0.0663 0.1248 0.0634
0.0668 0.1653 0.0627
0.0673 0.0661 0.0469
0.0678 0.0763 0.0542
0.0683 0.0474 0.0340
0.0688 0.0685 0.0486
0.0693 0.0290 0.0297
0.0698 -0.0004 1.0000
0.0703 -0.0004 1.0000
0.0708 0.0512 0.0367
0.0713 -0.0004 1.0000
0.0718 0.0239 0.0258
0.0723 0.0824 0.0479
0.0728 0.0460 0.0327
0.0733 0.1082 0.0548
0.0738 0.0274 0.0276
0.0743 0.0246 0.0248
0.0748 0.0649 0.0384
0.0753 0.0302 0.0302
0.0758 0.0480 0.0342
0.0762 0.0494 0.0351
0.0767 0.0418 0.0298
0.0772 0.0571 0.0410
0.0777 0.1151 0.0517
0.0783 0.0431 0.0306
0.0788 0.0495 0.0352
0.0793 0.0988 0.0497
0.0798 -0.0004 1.0000
0.0803 0.0419 0.0299
0.0808 0.0825 0.0415
0.0813 0.0554 0.0392
0.0818 0.0799 0.0400
0.0823 0.0430 0.0306
0.0828 0.0212 0.0217
0.0833 -0.0004 1.0000
0.0838 0.0586 0.0342
0.0843 0.0591 0.0344
0.0848 0.0511 0.0362
0.0853 0.0781 0.0395
0.0858 0.0624 0.0360
0.0862 0.0601 0.0347
0.0867 0.1035 0.0464
0.0872 0.0964 0.0485
0.0877 0.0310 0.0222
0.0882 0.0211 0.0216
0.0887 0.0661 0.0383
0.0892 0.0678 0.0342
0.0897 0.0674 0.0391
0.0902 0.0508 0.0301
0.0907 0.0198 0.0201
0.0912 0.0624 0.0364
0.0917 0.0825 0.0371
0.0922 0.0455 0.0325
0.0927 0.0885 0.0397
0.0932 0.0459 0.0279
0.0938 0.0152 0.0154
0.0943 0.0195 0.0198
0.0948 -0.0004 1.0000
0.0953 0.0272 0.0199
0.0958 0.0146 0.0157
0.0963 0.0335 0.0247
0.0968 0.0290 0.0208
0.0973 0.0608 0.0306
0.0978 0.0722 0.0328
0.0983 0.0178 0.0182
0.0988 0.0259 0.0186
0.0993 0.0564 0.0284
0.0998 0.0179 0.0182
0.1003 0.0686 0.0309
0.1008 0.0154 0.0156
0.1013 0.0255 0.0181
0.1018 0.0477 0.0277
0.1023 0.0157 0.0161
0.1028 0.0236 0.0168
0.1033 0.0593 0.0297
0.1038 0.0470 0.0273
0.1043 0.0268 0.0192
0.1048 0.0732 0.0301
0.1053 0.0583 0.0293
0.1058 0.0313 0.0223
0.1063 0.0354 0.0206
0.1068 0.0243 0.0173
0.1073 0.0791 0.0354
0.1078 0.0272 0.0194
0.1083 0.0711 0.0294
0.1088 0.0341 0.0199
0.1093 0.0150 0.0153
0.1098 0.0568 0.0285
0.1103 0.0673 0.0277
0.1108 -0.0004 1.0000
0.1113 0.0260 0.0191
0.1118 -0.0004 1.0000
0.1123 0.0525 0.0239
0.1128 0.0651 0.0293
0.1133 0.0564 0.0284
0.1138 0.0339 0.0196
0.1143 0.0360 0.0209
0.1148 0.0514 0.0258
0.1153 0.0257 0.0185
0.1158 0.0355 0.0206
0.1163 0.0559 0.0252
0.1168 0.0282 0.0207
0.1173 0.0472 0.0238
0.1178 0.0453 0.0229
0.1183 0.0463 0.0233
0.1188 0.0114 0.0116
0.1193 0.0436 0.0253
0.1198 0.0300 0.0175
0.1203 0.0324 0.0189
0.1208 0.0884 0.0363
0.1213 0.0103 0.0105
0.1218 0.0550 0.0247
0.1222 0.0988 0.0331
0.1227 0.0889 0.0338
0.1232 0.0313 0.0182
0.1237 0.0747 0.0282
0.1242 0.0120 0.0122
0.1247 0.0648 0.0265
0.1253 0.0413 0.0208
0.1258 0.0217 0.0154
0.1263 0.0366 0.0213
0.1268 0.0456 0.0229
0.1273 0.0182 0.0132
0.1278 0.0115 0.0117
0.1283 0.0431 0.0218
0.1288 0.0697 0.0267
0.1293 0.0201 0.0145
0.1298 0.0322 0.0187
0.1303 0.0349 0.0203
0.1308 0.0740 0.0263
0.1313 0.0196 0.0141
0.1318 0.0354 0.0207
0.1323 0.0187 0.0138
0.1328 0.1093 0.0331
0.1333 0.0277 0.0162
0.1338 0.0353 0.0205
0.1343 0.1092 0.0330
0.1348 0.0255 0.0150
0.1353 0.0742 0.0282
0.1358 0.0302 0.0176
0.1363 0.0415 0.0211
0.1368 0.0592 0.0226
0.1373 0.0465 0.0212
0.1378 0.0718 0.0294
0.1382 0.0697 0.0248
0.1387 0.0088 0.0091
0.1392 0.0604 0.0247
0.1397 0.0625 0.0256
0.1402 0.0515 0.0213
0.1407 0.0420 0.0190
0.1412 0.0674 0.0275
0.1417 0.0622 0.0256
0.1422 0.0583 0.0221
0.1427 0.0727 0.0261
0.1432 0.0595 0.0246
0.1437 0.0972 0.0309
0.1442 0.0869 0.0263
0.1447 0.0283 0.0165
0.1452 0.0570 0.0234
0.1457 0.0521 0.0215
0.1462 0.0616 0.0235
0.1467 0.0781 0.0262
0.1472 0.0481 0.0217
0.1477 0.0782 0.0264
0.1482 0.0898 0.0271
0.1487 0.0872 0.0291
0.1492 0.1085 0.0314
0.1497 0.1452 0.0354
0.1502 0.0882 0.0268
0.1507 0.0573 0.0235
0.1512 0.1331 0.0345
0.1517 0.1271 0.0319
0.1522 0.1524 0.0371
0.1527 0.0829 0.0277
0.1532 0.1388 0.0339
0.1537 0.1289 0.0335
0.1542 0.1373 0.0344
0.1547 0.1678 0.0385
0.1552 0.2371 0.0434
0.1557 0.2133 0.0420
0.1562 0.1477 0.0370
0.1568 0.2543 0.0458
0.1573 0.2942 0.0489
0.1578 0.3331 0.0522
0.1583 0.2262 0.0445
0.1588 0.3386 0.0543
0.1593 0.3301 0.0482
0.1598 0.4190 0.0606
0.1603 0.4884 0.0649
0.1608 0.5368 0.0631
0.1613 0.5773 0.0669
0.1618 0.7560 0.0822
0.1623 1.1007 0.0950
0.1628 0.9435 0.0845
0.1633 1.5698 0.1103
0.1638 1.6851 0.1200
0.1643 2.7272 0.1483
0.1648 2.7440 0.1436
0.1653 4.6021 0.1860
0.1658 5.1925 0.2107
0.1663 7.6584 0.2495
0.1668 7.2979 0.2267
0.1673 11.0211 0.2890
0.1678 11.5795 0.3201
0.1683 12.6442 0.3155
0.1688 12.8118 0.2993
0.1693 13.5478 0.3180
0.1698 14.0398 0.3509
0.1703 11.9211 0.2939
0.1708 11.2814 0.2799
0.1713 9.9696 0.2780
0.1718 8.7844 0.2662
0.1723 6.1386 0.2058
0.1728 5.2328 0.1962
0.1733 3.5296 0.1708
0.1738 3.5164 0.1651
0.1743 1.8437 0.1109
0.1748 1.5048 0.1044
0.1753 1.1764 0.0962
0.1758 0.9779 0.0833
0.1763 0.8067 0.0746
0.1768 0.6037 0.0676
0.1773 0.5833 0.0670
0.1778 0.4026 0.0522
0.1783 0.2885 0.0462
0.1788 0.2328 0.0412
0.1793 0.3591 0.0514
0.1798 0.2242 0.0397
0.1803 0.2222 0.0394
0.1808 0.1515 0.0331
0.1813 0.1920 0.0372
0.1818 0.1083 0.0263
0.1823 0.1453 0.0327
0.1828 0.1315 0.0310
0.1833 0.1621 0.0326
0.1838 0.1653 0.0339
0.1843 0.1176 0.0288
0.1848 0.1046 0.0271
0.1853 0.0849 0.0236
0.1858 0.0727 0.0220
0.1863 0.0502 0.0191
0.1868 0.0686 0.0218
0.1873 0.0750 0.0218
0.1878 0.0634 0.0202
0.1883 0.0844 0.0256
0.1888 0.0720 0.0228
0.1893 0.0733 0.0212
0.1898 0.0645 0.0205
0.1903 0.0662 0.0221
0.1908 0.0565 0.0190
0.1913 0.0300 0.0135
0.1918 0.0646 0.0216
0.1923 0.0136 0.0099
0.1928 0.0625 0.0199
0.1933 0.0542 0.0182
0.1938 0.0480 0.0183
0.1942 0.0204 0.0119
0.1947 0.0416 0.0158
0.1952 0.0367 0.0152
0.1957 0.0265 0.0134
0.1962 0.0536 0.0190
0.1967 0.0589 0.0187
0.1972 0.0473 0.0169
0.1977 0.0202 0.0118
0.1982 0.0465 0.0177
0.1987 0.0333 0.0138
0.1992 0.0593 0.0199
0.1997 0.0193 0.0112
0.2002 0.0115 0.0083
0.2007 0.0185 0.0108
0.2012 0.0431 0.0165
0.2017 0.0377 0.0156
0.2022 0.0059 0.0060
0.2027 0.0391 0.0149
0.2032 0.0400 0.0165
0.2037 0.0435 0.0167
0.2042 0.0287 0.0130
0.2047 0.0439 0.0167
0.2052 0.0116 0.0084
0.2057 0.0434 0.0165
0.2062 0.0161 0.0094
0.2067 0.0247 0.0126
0.2072 0.0249 0.0125
0.2077 0.0283 0.0127
0.2082 0.0480 0.0171
0.2087 0.0352 0.0146
0.2092 0.0302 0.0137
0.2097 0.0282 0.0127
0.2102 0.0052 0.0055
0.2107 0.0125 0.0090
0.2112 0.0459 0.0163
0.2117 0.0051 0.0054
0.2122 0.0284 0.0127
0.2127 0.0185 0.0109
0.2132 0.0404 0.0154
0.2137 0.0156 0.0092
0.2142 0.0241 0.0122
0.2147 0.0484 0.0173
0.2152 0.0320 0.0132
0.2157 0.0279 0.0126
0.2162 0.0395 0.0151
0.2167 0.0058 0.0060
0.2172 0.0206 0.0106
0.2177 0.0434 0.0154
0.2182 0.0117 0.0084
0.2188 0.0179 0.0104
0.2193 0.0322 0.0132
0.2198 0.0254 0.0114
0.2203 0.0123 0.0088
0.2208 0.0352 0.0146
0.2213 0.0468 0.0149
0.2218 0.0169 0.0099
0.2223 0.0335 0.0139
0.2228 0.0050 0.0052
0.2233 0.0217 0.0110
0.2238 0.0269 0.0121
0.2243 0.0428 0.0163
0.2248 0.0515 0.0164
0.2253 0.0358 0.0136
0.2258 0.0350 0.0144
0.2263 0.0503 0.0168
0.2268 0.0479 0.0161
0.2273 0.0804 0.0202
0.2278 0.0525 0.0176
0.2283 0.0884 0.0222
0.2288 0.0493 0.0157
0.2293 0.0877 0.0220
0.2298 0.0547 0.0174
0.2303 0.0574 0.0174
0.2308 0.0888 0.0216
0.2313 0.0609 0.0184
0.2318 0.1020 0.0235
0.2323 0.0894 0.0212
0.2328 0.0800 0.0207
0.2333 0.0785 0.0210
0.2338 0.1177 0.0246
0.2343 0.1187 0.0248
0.2348 0.1672 0.0292
0.2353 0.1785 0.0321
0.2358 0.1308 0.0257
0.2363 0.1242 0.0244
0.2368 0.1539 0.0292
0.2373 0.1216 0.0248
0.2378 0.2342 0.0349
0.2383 0.1037 0.0227
0.2388 0.1649 0.0302
0.2393 0.2522 0.0368
0.2398 0.2272 0.0332
0.2403 0.2088 0.0324
0.2408 0.2694 0.0382
0.2413 0.3182 0.0418
0.2418 0.3078 0.0378
0.2423 0.2177 0.0325
0.2428 0.2324 0.0374
0.2433 0.2796 0.0371
0.2438 0.2901 0.0366
0.2443 0.2530 0.0362
0.2448 0.2421 0.0353
0.2453 0.1350 0.0260
0.2458 0.1493 0.0265
0.2463 0.0739 0.0192
0.2468 0.1073 0.0240
0.2473 0.0828 0.0196
0.2478 0.0582 0.0169
0.2483 0.0590 0.0172
0.2488 0.0496 0.0158
0.2493 0.0391 0.0139
0.2498 0.0408 0.0137
0.2503 0.0314 0.0129
0.2508 0.0679 0.0182
0.2513 0.0269 0.0111
0.2518 0.0191 0.0097
0.2523 0.0291 0.0120
0.2528 0.0186 0.0095
0.2533 0.0329 0.0125
0.2538 0.0249 0.0113
0.2543 0.0334 0.0127
0.2548 0.0222 0.0101
0.2553 0.0452 0.0151
0.2558 0.0637 0.0171
0.2563 0.0338 0.0129
0.2568 0.0188 0.0095
0.2573 0.0316 0.0120
0.2578 0.0205 0.0104
0.2582 0.0358 0.0128
0.2587 0.0085 0.0062
0.2592 0.0094 0.0068
0.2597 0.0279 0.0115
0.2602 0.0319 0.0122
0.2607 0.0167 0.0085
0.2612 0.0148 0.0087
0.2617 0.0336 0.0128
0.2622 0.0260 0.0107
0.2627 0.0256 0.0106
0.2632 0.0145 0.0085
0.2637 0.0094 0.0068
0.2642 0.0122 0.0072
0.2647 0.0131 0.0077
0.2652 0.0255 0.0115
0.2657 0.0389 0.0131
0.2662 0.0125 0.0074
0.2667 0.0089 0.0064
0.2672 0.0232 0.0106
0.2677 0.0261 0.0107
0.2682 0.0081 0.0059
0.2687 0.0440 0.0147
0.2692 0.0140 0.0082
0.2697 0.0166 0.0084
0.2702 0.0218 0.0098
0.2707 0.0303 0.0117
0.2712 0.0095 0.0069
0.2717 0.0163 0.0083
0.2722 0.0164 0.0083
0.2727 0.0186 0.0094
0.2732 0.0130 0.0076
0.2737 0.0124 0.0073
0.2742 0.0342 0.0121
0.2747 0.0281 0.0115
0.2752 0.0165 0.0084
0.2757 0.0299 0.0114
0.2762 0.0358 0.0127
0.2767 0.0125 0.0073
0.2772 0.0083 0.0061
0.2777 0.0081 0.0059
0.2782 0.0040 0.0042
0.2787 0.0134 0.0079
0.2792 0.0281 0.0107
0.2797 0.0085 0.0061
0.2802 0.0086 0.0063
0.2807 0.0120 0.0071
0.2812 0.0164 0.0083
0.2818 0.0209 0.0094
0.2823 0.0129 0.0076
0.2828 0.0080 0.0058
0.2833 0.0116 0.0068
0.2838 0.0278 0.0115
0.2843 0.0248 0.0102
0.2848 0.0036 0.0038
0.2853 0.0123 0.0072
0.2858 0.0041 0.0043
0.2863 0.0216 0.0097
0.2868 0.0147 0.0074
0.2873 0.0162 0.0082
0.2878 0.0279 0.0115
0.2883 0.0113 0.0067
0.2888 0.0154 0.0078
0.2893 0.0209 0.0095
0.2898 0.0170 0.0086
0.2903 0.0035 0.0037
0.2908 0.0200 0.0090
0.2913 0.0082 0.0060
0.2918 0.0081 0.0058
0.2923 0.0161 0.0082
0.2928 0.0111 0.0066
0.2933 0.0125 0.0074
0.2938 0.0122 0.0072
0.2943 -0.0004 1.0000
0.2948 0.0231 0.0095
0.2953 0.0039 0.0042
0.2958 0.0318 0.0113
0.2963 0.0194 0.0088
0.2968 0.0148 0.0076
0.2973 0.0300 0.0114
0.2978 0.0307 0.0110
0.2983 0.0272 0.0103
0.2988 0.0123 0.0072
0.2993 0.0273 0.0104
0.2998 0.0119 0.0070
0.3003 0.0227 0.0093
0.3008 0.0036 0.0038
0.3013 0.0080 0.0058
0.3018 0.0145 0.0074
0.3023 0.0157 0.0079
0.3028 0.0079 0.0057
0.3033 0.0034 0.0036
0.3038 0.0151 0.0077
0.3043 0.0429 0.0130
0.3048 0.0037 0.0039
0.3053 0.0145 0.0074
0.3058 0.0070 0.0051
0.3062 0.0122 0.0072
0.3067 0.0274 0.0105
0.3072 0.0115 0.0068
0.3077 0.0187 0.0085
0.3082 0.0167 0.0085
0.3087 0.0117 0.0069
0.3092 0.0188 0.0085
0.3097 0.0284 0.0108
0.3102 0.0172 0.0088
0.3107 0.0150 0.0076
0.3112 0.0075 0.0055
0.3117 0.0078 0.0057
0.3122 0.0083 0.0060
0.3127 0.0070 0.0052
0.3132 0.0079 0.0057
0.3137 0.0037 0.0040
0.3142 0.0037 0.0039
0.3147 0.0163 0.0083
0.3152 0.0143 0.0073
0.3157 0.0127 0.0075
0.3162 0.0121 0.0071
0.3167 0.0149 0.0076
0.3172 0.0246 0.0101
0.3177 0.0160 0.0082
0.3182 0.0400 0.0128
0.3187 0.0036 0.0039
0.3192 0.0157 0.0079
0.3197 0.0260 0.0107
0.3202 0.0350 0.0118
0.3207 0.0240 0.0099
0.3212 0.0248 0.0103
0.3217 0.0235 0.0098
0.3222 0.0246 0.0101
0.3227 0.0152 0.0077
0.3232 0.0126 0.0074
0.3237 0.0162 0.0082
0.3242 0.0389 0.0124
0.3247 0.0467 0.0142
0.3252 0.0194 0.0088
0.3257 0.0149 0.0077
0.3262 0.0244 0.0101
0.3267 0.0287 0.0110
0.3272 0.0204 0.0093
0.3277 0.0338 0.0114
0.3282 0.0360 0.0121
0.3287 0.0309 0.0117
0.3292 0.0313 0.0112
0.3297 0.0288 0.0109
0.3302 0.0263 0.0100
0.3307 0.0317 0.0121
0.3312 0.0436 0.0132
0.3317 0.0337 0.0113
0.3322 0.0791 0.0182
0.3327 0.0562 0.0157
0.3332 0.0568 0.0152
0.3337 0.0660 0.0161
0.3342 0.0942 0.0198
0.3347 0.0971 0.0203
0.3352 0.1069 0.0206
0.3357 0.1316 0.0230
0.3362 0.2056 0.0298
0.3367 0.2172 0.0300
0.3372 0.1783 0.0270
0.3377 0.2011 0.0280
0.3382 0.2064 0.0306
0.3387 0.1955 0.0277
0.3392 0.2318 0.0308
0.3397 0.2140 0.0297
0.3402 0.1861 0.0275
0.3407 0.1690 0.0265
0.3412 0.1803 0.0269
0.3417 0.1459 0.0245
0.3422 0.1650 0.0262
0.3427 0.1100 0.0205
0.3432 0.1287 0.0225
0.3438 0.1174 0.0219
0.3443 0.1205 0.0217
0.3448 0.1109 0.0203
0.3453 0.0903 0.0181
0.3458 0.0811 0.0187
0.3463 0.0959 0.0185
0.3468 0.0816 0.0171
0.3473 0.0579 0.0156
0.3478 0.0741 0.0167
0.3483 0.0370 0.0117
0.3488 0.0519 0.0140
0.3493 0.0302 0.0108
0.3498 0.0232 0.0097
0.3503 0.0274 0.0097
0.3508 0.0370 0.0118
0.3513 0.0189 0.0087
0.3518 0.0180 0.0082
0.3523 0.0207 0.0085
0.3528 0.0250 0.0096
0.3533 0.0236 0.0098
0.3538 0.0137 0.0070
0.3543 0.0172 0.0078
0.3548 0.0070 0.0051
0.3553 0.0219 0.0091
0.3558 0.0066 0.0049
0.3563 0.0167 0.0076
0.3568 0.0109 0.0064
0.3573 0.0185 0.0084
0.3578 0.0198 0.0082
0.3583 0.0139 0.0070
0.3588 0.0109 0.0064
0.3593 0.0139 0.0071
0.3598 0.0167 0.0076
0.3603 0.0138 0.0070
0.3608 0.0221 0.0091
0.3613 0.0126 0.0064
0.3618 0.0175 0.0079
0.3623 0.0032 0.0035
0.3628 0.0030 0.0033
0.3633 0.0131 0.0067
0.3638 0.0136 0.0069
0.3643 -0.0004 1.0000
0.3648 0.0103 0.0061
0.3653 0.0060 0.0044
0.3658 0.0145 0.0074
0.3663 0.0030 0.0032
0.3668 0.0097 0.0058
0.3673 0.0099 0.0058
0.3678 0.0202 0.0084
0.3683 0.0108 0.0064
0.3688 0.0125 0.0063
0.3693 0.0231 0.0088
0.3698 0.0256 0.0098
0.3702 0.0062 0.0046
0.3707 0.0164 0.0074
0.3712 0.0096 0.0056
0.3717 0.0097 0.0058
0.3722 0.0108 0.0064
0.3727 0.0025 0.0028
0.3732 0.0066 0.0049
0.3737 0.0062 0.0046
0.3742 0.0125 0.0064
0.3747 0.0093 0.0055
0.3752 0.0171 0.0077
0.3757 0.0102 0.0060
0.3762 0.0126 0.0064
0.3767 0.0093 0.0055
0.3772 0.0164 0.0074
0.3777 0.0164 0.0074
0.3782 0.0163 0.0074
0.3787 0.0154 0.0070
0.3792 0.0132 0.0067
0.3797 0.0098 0.0058
0.3802 0.0121 0.0062
0.3807 0.0164 0.0074
0.3812 0.0127 0.0065
0.3817 -0.0004 1.0000
0.3822 0.0094 0.0055
0.3827 0.0060 0.0044
0.3832 0.0273 0.0097
0.3837 0.0117 0.0060
0.3842 0.0028 0.0030
0.3847 0.0132 0.0067
0.3852 0.0125 0.0064
0.3857 0.0155 0.0070
0.3862 0.0150 0.0068
0.3867 0.0030 0.0032
0.3872 0.0028 0.0030
0.3877 0.0111 0.0056
0.3882 0.0030 0.0032
0.3887 0.0193 0.0080
0.3892 0.0117 0.0060
0.3897 0.0183 0.0076
0.3902 0.0125 0.0064
0.3907 0.0131 0.0067
0.3912 0.0085 0.0051
0.3917 0.0058 0.0043
0.3922 0.0165 0.0074
0.3927 0.0216 0.0083
0.3932 0.0209 0.0080
0.3937 0.0116 0.0059
0.3942 0.0029 0.0031
0.3947 0.0186 0.0077
0.3952 -0.0004 1.0000
0.3957 0.0125 0.0064
0.3962 0.0189 0.0078
0.3967 0.0113 0.0058
0.3972 0.0057 0.0042
0.3977 0.0180 0.0075
0.3982 0.0060 0.0044
0.3987 0.0209 0.0080
0.3992 0.0145 0.0066
0.3997 0.0194 0.0080
0.4002 0.0145 0.0066
0.4007 0.0115 0.0059
0.4012 0.0118 0.0060
0.4017 0.0058 0.0043
0.4022 0.0115 0.0058
0.4027 0.0024 0.0027
0.4032 0.0029 0.0031
0.4037 0.0083 0.0050
0.4042 0.0199 0.0076
0.4047 0.0148 0.0067
0.4052 0.0091 0.0053
0.4057 0.0117 0.0060
0.4062 0.0169 0.0070
0.4068 0.0113 0.0057
0.4073 0.0060 0.0044
0.4078 0.0052 0.0038
0.4083 0.0168 0.0070
0.4088 0.0085 0.0050
0.4093 0.0151 0.0070
0.4098 0.0113 0.0057
0.4103 0.0137 0.0062
0.4108 0.0151 0.0068
0.4113 0.0086 0.0051
0.4118 0.0110 0.0056
0.4123 0.0109 0.0056
0.4128 0.0265 0.0089
0.4133 0.0226 0.0087
0.4138 0.0132 0.0060
0.4143 0.0108 0.0055
0.4148 0.0090 0.0054
0.4153 0.0107 0.0055
0.4158 0.0055 0.0040
0.4163 0.0082 0.0049
0.4168 0.0112 0.0057
0.4173 -0.0004 1.0000
0.4178 0.0105 0.0054
0.4183 0.0179 0.0074
0.4188 0.0083 0.0049
0.4193 0.0160 0.0067
0.4198 0.0025 0.0027
0.4203 0.0166 0.0069
0.4208 0.0144 0.0065
0.4213 0.0237 0.0080
0.4218 0.0143 0.0065
0.4223 0.0232 0.0083
0.4228 0.0243 0.0082
0.4233 0.0111 0.0057
0.4238 0.0227 0.0081
0.4243 0.0055 0.0040
0.4248 0.0110 0.0056
0.4253 0.0181 0.0069
0.4258 0.0174 0.0072
0.4263 0.0176 0.0073
0.4268 0.0072 0.0044
0.4273 0.0106 0.0054
0.4278 0.0200 0.0076
0.4283 0.0025 0.0027
0.4288 0.0155 0.0064
0.4293 0.0160 0.0066
0.4298 0.0144 0.0065
0.4303 0.0161 0.0067
0.4308 0.0131 0.0060
0.4313 0.0192 0.0074
0.4318 0.0202 0.0077
0.4323 0.0077 0.0046
0.4328 0.0233 0.0079
0.4333 0.0145 0.0066
0.4338 0.0050 0.0037
0.4342 0.0208 0.0075
0.4347 0.0105 0.0054
0.4352 0.0135 0.0061
0.4357 0.0078 0.0046
0.4362 0.0209 0.0075
0.4367 0.0279 0.0089
0.4372 0.0108 0.0055
0.4377 0.0228 0.0077
0.4382 0.0134 0.0061
0.4387 0.0247 0.0084
0.4392 0.0188 0.0072
0.4397 0.0128 0.0058
0.4402 0.0098 0.0050
0.4407 0.0208 0.0079
0.4412 0.0260 0.0083
0.4417 0.0177 0.0068
0.4422 0.0302 0.0092
0.4427 0.0187 0.0072
0.4432 0.0234 0.0079
0.4437 0.0074 0.0044
0.4442 0.0104 0.0053
0.4447 0.0385 0.0107
0.4452 0.0170 0.0065
0.4457 0.0393 0.0102
0.4462 0.0231 0.0083
0.4467 0.0209 0.0075
0.4472 0.0354 0.0095
0.4477 0.0155 0.0064
0.4482 0.0270 0.0087
0.4487 0.0311 0.0090
0.4492 0.0098 0.0050
0.4497 0.0245 0.0083
0.4502 0.0215 0.0077
0.4507 0.0201 0.0072
0.4512 0.0153 0.0064
0.4517 0.0246 0.0083
0.4522 0.0398 0.0104
0.4527 0.0216 0.0073
0.4532 0.0283 0.0086
0.4537 0.0192 0.0073
0.4542 0.0151 0.0063
0.4547 0.0154 0.0065
0.4552 0.0244 0.0082
0.4557 0.0105 0.0054
0.4562 0.0105 0.0054
0.4567 0.0124 0.0057
0.4572 0.0375 0.0105
0.4577 0.0258 0.0083
0.4582 0.0162 0.0067
0.4587 0.0240 0.0081
0.4592 0.0274 0.0088
0.4597 0.0199 0.0076
0.4602 0.0283 0.0086
0.4607 0.0105 0.0054
0.4612 0.0305 0.0093
0.4617 0.0187 0.0072
0.4622 0.0191 0.0073
0.4627 0.0292 0.0089
0.4632 0.0222 0.0079
0.4637 0.0275 0.0088
0.4642 0.0289 0.0088
0.4647 0.0171 0.0071
0.4652 0.0327 0.0095
0.4657 0.0382 0.0103
0.4662 0.0214 0.0077
0.4667 0.0336 0.0098
0.4672 0.0244 0.0082
0.4677 0.0313 0.0091
0.4682 0.0343 0.0100
0.4688 0.0165 0.0069
0.4693 0.0285 0.0087
0.4698 0.0516 0.0122
0.4703 0.0220 0.0078
0.4708 0.0268 0.0086
0.4713 0.0218 0.0078
0.4718 0.0316 0.0092
0.4723 0.0297 0.0095
0.4728 0.0212 0.0076
0.4733 0.0454 0.0111
0.4738 0.0457 0.0115
0.4743 0.0219 0.0078
0.4748 0.0447 0.0113
0.4753 0.0240 0.0081
0.4758 0.0300 0.0092
0.4763 0.0461 0.0116
0.4768 0.0291 0.0089
0.4773 0.0302 0.0092
0.4778 0.0453 0.0114
0.4783 0.0409 0.0106
0.4788 0.0569 0.0128
0.4793 0.0518 0.0117
0.4798 0.0435 0.0113
0.4803 0.0829 0.0152
0.4808 0.0695 0.0137
0.4813 0.0823 0.0154
0.4818 0.1317 0.0189
0.4823 0.1345 0.0197
0.4828 0.1496 0.0206
0.4833 0.2358 0.0257
0.4838 0.3289 0.0307
0.4843 0.4235 0.0337
0.4848 0.4557 0.0355
0.4853 0.5051 0.0385
0.4858 0.5130 0.0376
0.4863 0.5995 0.0405
0.4868 0.6041 0.0410
0.4873 0.5177 0.0386
0.4878 0.5438 0.0388
0.4883 0.6185 0.0406
0.4888 0.4658 0.0365
0.4893 0.4244 0.0347
0.4898 0.3128 0.0287
0.4903 0.2889 0.0275
0.4908 0.1878 0.0230
0.4913 0.1821 0.0228
0.4918 0.1548 0.0193
0.4923 0.1055 0.0170
0.4928 0.0681 0.0137
0.4933 0.0749 0.0140
0.4938 0.0553 0.0121
0.4943 0.0470 0.0111
0.4948 0.0668 0.0134
0.4953 0.0360 0.0097
0.4958 0.0425 0.0104
0.4963 0.0447 0.0112
0.4968 0.0303 0.0088
0.4973 0.0355 0.0096
0.4978 0.0145 0.0061
0.4982 0.0231 0.0078
0.4987 0.0330 0.0093
0.4992 0.0190 0.0068
0.4997 0.0186 0.0071
0.5002 0.0183 0.0070
0.5008 0.0308 0.0086
0.5012 0.0226 0.0077
0.5018 0.0151 0.0063
0.5022 0.0228 0.0077
0.5028 0.0312 0.0088
0.5032 0.0306 0.0085
0.5038 0.0228 0.0081
0.5042 0.0395 0.0100
0.5048 0.0291 0.0082
0.5052 0.0308 0.0090
0.5058 0.0249 0.0080
0.5062 0.0273 0.0083
0.5068 0.0331 0.0089
0.5072 0.0367 0.0095
0.5078 0.0425 0.0107
0.5082 0.0349 0.0091
0.5088 0.0506 0.0111
0.5092 0.0202 0.0072
0.5098 0.0339 0.0091
0.5102 0.0272 0.0083
0.5108 0.0305 0.0085
0.5112 0.0172 0.0066
0.5118 0.0333 0.0090
0.5122 0.0043 0.0032
0.5128 0.0281 0.0085
0.5132 0.0194 0.0069
0.5138 0.0089 0.0046
0.5142 0.0147 0.0061
0.5148 0.0217 0.0073
0.5152 0.0119 0.0055
0.5158 0.0244 0.0074
0.5162 0.0163 0.0062
0.5168 0.0212 0.0076
0.5172 0.0316 0.0086
0.5178 0.0137 0.0057
0.5182 0.0093 0.0048
0.5188 0.0144 0.0060
0.5192 0.0089 0.0046
0.5198 0.0227 0.0072
0.5202 0.0198 0.0071
0.5208 0.0269 0.0082
0.5212 0.0133 0.0055
0.5218 0.0160 0.0061
0.5222 0.0189 0.0068
0.5228 0.0141 0.0059
0.5232 0.0198 0.0067
0.5238 0.0091 0.0047
0.5242 0.0185 0.0067
0.5248 0.0137 0.0057
0.5252 0.0254 0.0077
0.5258 0.0113 0.0052
0.5262 0.0165 0.0063
0.5268 0.0203 0.0069
0.5272 0.0157 0.0060
0.5278 0.0169 0.0065
0.5282 0.0180 0.0064
0.5288 0.0174 0.0062
0.5292 0.0139 0.0058
0.5298 0.0066 0.0040
0.5302 0.0204 0.0069
0.5308 0.0132 0.0055
0.5312 0.0188 0.0068
0.5318 0.0189 0.0068
0.5323 0.0146 0.0056
0.5328 0.0154 0.0059
0.5333 0.0113 0.0052
0.5338 0.0165 0.0064
0.5343 0.0131 0.0054
0.5348 0.0105 0.0048
0.5353 0.0070 0.0042
0.5358 0.0230 0.0073
0.5363 0.0100 0.0046
0.5368 0.0095 0.0048
0.5373 0.0109 0.0050
0.5378 0.0113 0.0051
0.5383 0.0154 0.0059
0.5388 0.0111 0.0051
0.5393 0.0210 0.0071
0.5398 0.0102 0.0047
0.5403 0.0262 0.0077
0.5408 0.0166 0.0064
0.5413 0.0254 0.0074
0.5418 0.0130 0.0054
0.5423 0.0205 0.0069
0.5428 0.0157 0.0060
0.5433 0.0154 0.0059
0.5438 0.0168 0.0060
0.5443 0.0216 0.0073
0.5448 0.0087 0.0044
0.5453 0.0247 0.0072
0.5458 0.0267 0.0078
0.5463 0.0175 0.0063
0.5468 0.0154 0.0059
0.5473 0.0211 0.0067
0.5478 0.0132 0.0055
0.5483 0.0230 0.0073
0.5488 0.0207 0.0067
0.5493 0.0059 0.0035
0.5498 0.0066 0.0039
0.5503 0.0083 0.0043
0.5508 0.0197 0.0067
0.5513 0.0081 0.0042
0.5518 0.0202 0.0068
0.5523 0.0270 0.0079
0.5528 0.0141 0.0054
0.5533 0.0249 0.0076
0.5538 0.0193 0.0065
0.5543 -0.0004 1.0000
0.5548 0.0174 0.0063
0.5553 0.0151 0.0058
0.5558 0.0133 0.0055
0.5563 0.0080 0.0041
0.5568 0.0166 0.0060
0.5573 0.0176 0.0064
0.5578 0.0218 0.0070
0.5583 0.0119 0.0050
0.5588 0.0170 0.0061
0.5593 0.0199 0.0067
0.5598 0.0127 0.0053
0.5603 0.0265 0.0074
0.5608 0.0216 0.0069
0.5613 0.0018 0.0020
0.5618 0.0143 0.0055
0.5623 0.0140 0.0054
0.5628 0.0107 0.0049
0.5633 0.0284 0.0079
0.5638 0.0183 0.0062
0.5643 0.0163 0.0058
0.5648 0.0132 0.0055
0.5653 0.0225 0.0069
0.5658 0.0100 0.0046
0.5663 0.0081 0.0042
0.5668 0.0084 0.0043
0.5673 0.0187 0.0063
0.5678 0.0185 0.0062
0.5683 0.0126 0.0053
0.5688 0.0062 0.0037
0.5693 0.0195 0.0063
0.5698 0.0166 0.0059
0.5703 0.0201 0.0068
0.5708 0.0055 0.0034
0.5713 0.0151 0.0055
0.5718 0.0192 0.0065
0.5723 0.0220 0.0071
0.5728 0.0097 0.0045
0.5733 0.0199 0.0064
0.5738 0.0235 0.0072
0.5743 0.0216 0.0069
0.5748 0.0140 0.0054
0.5753 0.0294 0.0077
0.5758 0.0084 0.0043
0.5763 0.0187 0.0063
0.5768 0.0254 0.0071
0.5773 0.0188 0.0063
0.5778 0.0190 0.0064
0.5783 0.0075 0.0039
0.5788 0.0165 0.0059
0.5793 0.0179 0.0060
0.5798 0.0262 0.0076
0.5803 0.0134 0.0052
0.5808 0.0120 0.0050
0.5813 0.0109 0.0050
0.5818 0.0055 0.0033
0.5823 0.0109 0.0046
0.5828 0.0145 0.0056
0.5833 0.0204 0.0065
0.5838 0.0139 0.0053
0.5843 0.0095 0.0043
0.5848 0.0145 0.0056
0.5853 0.0146 0.0056
0.5858 0.0113 0.0047
0.5863 0.0140 0.0054
0.5868 0.0182 0.0061
0.5873 0.0164 0.0059
0.5878 0.0209 0.0064
0.5883 0.0134 0.0052
0.5888 0.0039 0.0029
0.5893 0.0194 0.0062
0.5898 0.0116 0.0048
0.5903 0.0144 0.0055
0.5908 0.0074 0.0038
0.5913 0.0176 0.0059
0.5918 0.0203 0.0065
0.5923 0.0175 0.0059
0.5928 0.0059 0.0035
0.5933 0.0144 0.0052
0.5938 0.0190 0.0064
0.5943 0.0058 0.0034
0.5948 0.0167 0.0057
0.5953 0.0058 0.0035
0.5958 0.0136 0.0052
0.5963 0.0117 0.0049
0.5968 0.0035 0.0026
0.5973 0.0132 0.0051
0.5978 0.0168 0.0060
0.5983 0.0077 0.0040
0.5988 0.0106 0.0044
0.5993 0.0178 0.0060
0.5998 0.0172 0.0058
0.6003 0.0138 0.0053
0.6008 0.0287 0.0075
0.6013 0.0174 0.0059
0.6018 0.0267 0.0075
0.6023 0.0109 0.0045
0.6028 0.0237 0.0069
0.6033 0.0037 0.0027
0.6038 0.0149 0.0054
0.6043 0.0210 0.0064
0.6048 0.0214 0.0065
0.6053 0.0197 0.0063
0.6058 0.0171 0.0058
0.6063 0.0182 0.0058
0.6068 0.0162 0.0058
0.6073 0.0155 0.0056
0.6078 0.0165 0.0056
0.6083 0.0127 0.0049
0.6088 0.0174 0.0059
0.6093 0.0166 0.0059
0.6098 0.0142 0.0051
0.6103 0.0166 0.0056
0.6108 0.0163 0.0058
0.6113 0.0125 0.0048
0.6118 0.0170 0.0057
0.6123 0.0192 0.0062
0.6128 0.0206 0.0063
0.6133 0.0156 0.0056
0.6138 0.0068 0.0035
0.6143 0.0133 0.0051
0.6148 0.0200 0.0064
0.6153 0.0124 0.0048
0.6158 0.0192 0.0062
0.6163 0.0229 0.0067
0.6168 0.0241 0.0068
0.6173 0.0167 0.0057
0.6178 0.0113 0.0047
0.6183 0.0155 0.0056
0.6188 0.0250 0.0068
0.6193 0.0201 0.0061
0.6198 0.0077 0.0040
0.6203 0.0073 0.0037
0.6208 0.0145 0.0052
0.6213 0.0130 0.0050
0.6218 0.0077 0.0040
0.6223 0.0238 0.0069
0.6228 0.0152 0.0055
0.6233 0.0056 0.0034
0.6238 0.0181 0.0061
0.6243 0.0194 0.0063
0.6248 0.0237 0.0069
0.6253 0.0265 0.0074
0.6258 0.0201 0.0064
0.6263 0.0226 0.0069
0.6268 0.0078 0.0040
0.6273 0.0082 0.0043
0.6278 0.0133 0.0051
0.6283 0.0178 0.0060
0.6288 0.0169 0.0061
0.6293 0.0136 0.0053
0.6298 0.0060 0.0036
0.6303 0.0259 0.0073
0.6308 0.0144 0.0056
0.6313 0.0170 0.0061
0.6318 0.0130 0.0050
0.6323 0.0334 0.0084
0.6328 0.0276 0.0077
0.6333 0.0158 0.0057
0.6338 0.0247 0.0072
0.6343 0.0078 0.0040
0.6348 0.0281 0.0079
0.6353 0.0334 0.0084
0.6358 0.0314 0.0079
0.6363 0.0279 0.0078
0.6368 0.0370 0.0088
0.6373 0.0573 0.0109
0.6378 0.0576 0.0111
0.6383 0.0688 0.0120
0.6388 0.0991 0.0145
0.6393 0.1138 0.0153
0.6398 0.1444 0.0177
0.6403 0.1476 0.0175
0.6408 0.1181 0.0157
0.6413 0.1480 0.0176
0.6418 0.1527 0.0183
0.6423 0.1485 0.0177
0.6428 0.1734 0.0192
0.6433 0.1809 0.0190
0.6438 0.1590 0.0187
0.6443 0.1723 0.0191
0.6448 0.1282 0.0162
0.6453 0.1255 0.0166
0.6458 0.1119 0.0153
0.6463 0.0873 0.0137
0.6468 0.0684 0.0119
0.6473 0.0524 0.0105
0.6478 0.0667 0.0120
0.6483 0.0364 0.0087
0.6488 0.0345 0.0085
0.6493 0.0320 0.0083
0.6498 0.0217 0.0066
0.6503 0.0276 0.0077
0.6508 0.0361 0.0088
0.6513 0.0161 0.0058
0.6518 0.0228 0.0069
0.6523 0.0221 0.0068
0.6528 0.0127 0.0053
0.6533 0.0126 0.0052
0.6538 0.0234 0.0068
0.6543 0.0148 0.0057
0.6548 0.0147 0.0056
0.6553 0.0258 0.0073
0.6558 0.0121 0.0051
0.6563 0.0098 0.0045
0.6568 0.0196 0.0066
0.6573 0.0207 0.0066
0.6578 0.0100 0.0045
0.6583 0.0104 0.0048
0.6588 0.0266 0.0075
0.6593 0.0185 0.0062
0.6598 0.0202 0.0065
0.6603 0.0187 0.0063
0.6608 0.0229 0.0070
0.6613 0.0217 0.0066
0.6618 0.0195 0.0066
0.6623 0.0122 0.0051
0.6628 0.0197 0.0064
0.6633 0.0249 0.0073
0.6638 0.0146 0.0056
0.6643 0.0203 0.0065
0.6648 0.0349 0.0085
0.6653 0.0203 0.0066
0.6658 0.0170 0.0061
0.6663 0.0121 0.0050
0.6668 0.0163 0.0059
0.6673 0.0213 0.0068
0.6678 0.0286 0.0077
0.6683 0.0209 0.0067
0.6688 0.0224 0.0069
0.6693 0.0125 0.0052
0.6698 0.0184 0.0062
0.6703 0.0121 0.0051
0.6708 0.0150 0.0058
0.6713 0.0249 0.0073
0.6718 0.0203 0.0065
0.6723 0.0127 0.0053
0.6728 0.0167 0.0060
0.6733 0.0168 0.0060
0.6738 0.0230 0.0070
0.6743 0.0203 0.0065
0.6748 0.0086 0.0044
0.6753 0.0162 0.0058
0.6758 0.0204 0.0065
0.6763 0.0186 0.0063
0.6768 0.0172 0.0062
0.6773 0.0296 0.0080
0.6778 0.0187 0.0063
0.6783 0.0124 0.0052
0.6788 0.0169 0.0061
0.6793 0.0104 0.0048
0.6798 0.0100 0.0046
0.6803 0.0194 0.0066
0.6808 0.0140 0.0054
0.6813 0.0214 0.0069
0.6818 0.0154 0.0059
0.6823 0.0254 0.0074
0.6828 0.0206 0.0066
0.6833 0.0102 0.0047
0.6838 0.0129 0.0054
0.6843 0.0188 0.0063
0.6848 0.0210 0.0067
0.6853 0.0105 0.0048
0.6858 0.0152 0.0058
0.6863 0.0141 0.0054
0.6868 0.0188 0.0063
0.6873 0.0169 0.0061
0.6878 0.0237 0.0072
0.6883 0.0061 0.0036
0.6888 0.0168 0.0060
0.6893 0.0244 0.0074
0.6898 0.0145 0.0056
0.6903 0.0188 0.0064
0.6908 0.0322 0.0084
0.6913 0.0083 0.0042
0.6918 0.0121 0.0051
0.6923 0.0226 0.0069
0.6928 0.0109 0.0050
0.6933 0.0328 0.0086
0.6938 0.0144 0.0055
0.6943 0.0102 0.0047
0.6948 0.0218 0.0070
0.6953 0.0368 0.0091
0.6958 0.0116 0.0049
0.6963 0.0212 0.0068
0.6968 0.0108 0.0049
0.6973 0.0189 0.0064
0.6978 0.0121 0.0051
0.6983 0.0171 0.0061
0.6988 0.0252 0.0074
0.6993 0.0124 0.0052
0.6998 0.0103 0.0047
0.7003 0.0173 0.0062
0.7008 0.0105 0.0048
0.7013 0.0097 0.0045
0.7018 0.0063 0.0038
0.7023 0.0188 0.0064
0.7028 0.0204 0.0065
0.7033 0.0144 0.0056
0.7038 0.0130 0.0054
0.7043 0.0308 0.0083
0.7048 0.0246 0.0072
0.7053 0.0140 0.0054
0.7058 0.0319 0.0086
0.7063 0.0252 0.0073
0.7068 0.0179 0.0061
0.7073 0.0194 0.0066
0.7078 0.0257 0.0075
0.7083 0.0146 0.0056
0.7088 0.0147 0.0057
0.7093 0.0210 0.0067
0.7098 0.0148 0.0057
0.7103 0.0146 0.0056
0.7108 0.0190 0.0064
0.7113 0.0106 0.0049
0.7118 0.0120 0.0050
0.7123 0.0144 0.0055
0.7128 0.0129 0.0054
0.7133 0.0084 0.0043
0.7138 0.0228 0.0069
0.7143 0.0189 0.0063
0.7148 0.0149 0.0057
0.7153 0.0152 0.0058
0.7158 0.0184 0.0062
0.7163 0.0171 0.0061
0.7168 0.0300 0.0081
0.7173 0.0165 0.0059
0.7178 0.0148 0.0057
0.7183 0.0124 0.0051
0.7188 0.0169 0.0061
0.7193 0.0302 0.0082
0.7198 0.0275 0.0077
0.7203 0.0131 0.0054
0.7208 0.0205 0.0066
0.7213 0.0080 0.0041
0.7218 0.0148 0.0057
0.7223 0.0214 0.0069
0.7228 0.0146 0.0056
0.7233 0.0103 0.0047
0.7238 0.0085 0.0043
0.7243 0.0105 0.0048
0.7248 0.0103 0.0047
0.7253 0.0142 0.0054
0.7258 0.0156 0.0060
0.7263 0.0078 0.0040
0.7268 0.0038 0.0029
0.7273 0.0146 0.0056
0.7278 0.0083 0.0043
0.7283 0.0123 0.0051
0.7288 0.0079 0.0041
0.7293 0.0130 0.0054
0.7298 0.0229 0.0070
0.7303 0.0144 0.0055
0.7308 0.0104 0.0048
0.7313 0.0130 0.0054
0.7318 0.0166 0.0060
0.7323 0.0158 0.0057
0.7328 0.0149 0.0057
0.7333 0.0153 0.0059
0.7338 0.0139 0.0054
0.7343 0.0209 0.0067
0.7348 0.0223 0.0071
0.7353 0.0059 0.0035
0.7358 0.0124 0.0052
0.7363 0.0207 0.0066
0.7368 0.0086 0.0044
0.7373 0.0036 0.0028
0.7378 0.0184 0.0062
0.7383 0.0310 0.0084
0.7388 0.0162 0.0059
0.7393 0.0145 0.0056
0.7398 0.0142 0.0054
0.7403 0.0177 0.0063
0.7408 0.0230 0.0070
0.7413 0.0165 0.0059
0.7418 0.0187 0.0063
0.7423 0.0199 0.0067
0.7428 0.0100 0.0046
0.7433 0.0208 0.0066
0.7438 0.0130 0.0054
0.7443 0.0207 0.0066
0.7448 0.0105 0.0048
0.7453 0.0337 0.0085
0.7458 0.0150 0.0057
0.7463 0.0164 0.0059
0.7468 0.0227 0.0069
0.7473 0.0175 0.0063
0.7478 0.0278 0.0078
0.7483 0.0164 0.0059
0.7488 0.0187 0.0064
0.7493 0.0171 0.0061
0.7498 0.0121 0.0050
0.7503 0.0274 0.0077
0.7508 0.0202 0.0065
0.7513 0.0175 0.0063
0.7518 0.0146 0.0056
0.7523 0.0205 0.0066
0.7528 0.0130 0.0054
0.7533 0.0101 0.0046
0.7538 0.0081 0.0042
0.7543 0.0208 0.0066
0.7548 0.0284 0.0080
0.7553 0.0126 0.0052
0.7558 0.0198 0.0063
0.7563 0.0153 0.0059
0.7568 0.0061 0.0037
0.7573 0.0238 0.0070
0.7578 0.0208 0.0066
0.7583 0.0199 0.0067
0.7588 0.0039 0.0029
0.7593 0.0167 0.0059
0.7598 0.0166 0.0059
0.7603 0.0018 0.0020
0.7608 0.0080 0.0041
0.7613 0.0223 0.0068
0.7618 0.0194 0.0065
0.7623 0.0210 0.0067
0.7628 0.0257 0.0075
0.7633 0.0188 0.0064
0.7638 0.0231 0.0071
0.7643 0.0163 0.0059
0.7648 0.0120 0.0050
0.7653 0.0189 0.0064
0.7658 0.0262 0.0076
0.7663 0.0166 0.0060
0.7668 0.0244 0.0071
0.7673 0.0107 0.0049
0.7678 0.0230 0.0070
0.7683 0.0098 0.0045
0.7688 0.0275 0.0077
0.7693 0.0147 0.0057
0.7698 0.0214 0.0068
0.7703 0.0182 0.0061
0.7708 0.0384 0.0091
0.7713 0.0081 0.0042
0.7718 0.0078 0.0040
0.7723 0.0151 0.0058
0.7728 0.0147 0.0057
0.7733 0.0160 0.0057
0.7738 0.0170 0.0061
0.7743 0.0080 0.0041
0.7748 0.0147 0.0056
0.7753 0.0163 0.0058
0.7758 0.0163 0.0058
0.7763 0.0136 0.0056
0.7768 0.0164 0.0059
0.7773 0.0158 0.0057
0.7778 0.0273 0.0077
0.7783 0.0170 0.0061
0.7788 0.0163 0.0059
0.7793 0.0210 0.0067
0.7798 0.0247 0.0072
0.7803 0.0248 0.0075
0.7808 0.0241 0.0071
0.7813 0.0037 0.0028
0.7818 0.0085 0.0044
0.7823 0.0201 0.0065
0.7828 0.0102 0.0047
0.7833 0.0145 0.0056
0.7838 0.0273 0.0077
0.7843 0.0257 0.0075
0.7848 0.0163 0.0058
0.7853 0.0236 0.0072
0.7858 0.0104 0.0047
0.7863 0.0140 0.0054
0.7868 0.0217 0.0069
0.7873 0.0215 0.0069
0.7878 0.0202 0.0065
0.7883 0.0167 0.0060
0.7888 0.0249 0.0072
0.7893 0.0255 0.0075
0.7898 0.0167 0.0060
0.7903 0.0241 0.0070
0.7908 0.0140 0.0058
0.7913 0.0161 0.0058
0.7918 0.0166 0.0059
0.7923 0.0189 0.0064
0.7928 0.0254 0.0074
0.7933 0.0171 0.0061
0.7938 0.0137 0.0053
0.7943 0.0275 0.0077
0.7948 0.0177 0.0063
0.7953 0.0203 0.0065
0.7958 0.0186 0.0063
0.7963 0.0154 0.0059
0.7968 0.0181 0.0061
0.7973 0.0171 0.0061
0.7978 0.0171 0.0061
0.7983 0.0122 0.0051
0.7988 0.0107 0.0049
0.7993 0.0159 0.0057
0.7998 0.0267 0.0078
0.8003 0.0216 0.0069
0.8008 0.0306 0.0080
0.8013 0.0214 0.0069
0.8018 0.0257 0.0075
0.8023 0.0230 0.0070
0.8028 0.0229 0.0070
0.8033 0.0204 0.0065
0.8038 0.0286 0.0080
0.8043 0.0206 0.0066
0.8048 0.0206 0.0066
0.8053 0.0156 0.0060
0.8058 0.0406 0.0091
0.8063 0.0184 0.0062
0.8068 0.0191 0.0065
0.8073 0.0105 0.0048
0.8078 0.0252 0.0073
0.8083 0.0182 0.0061
0.8088 0.0150 0.0058
0.8093 0.0107 0.0049
0.8098 0.0137 0.0053
0.8103 0.0208 0.0067
0.8108 0.0194 0.0066
0.8113 0.0122 0.0051
0.8118 0.0235 0.0072
0.8123 0.0103 0.0047
0.8128 0.0167 0.0060
0.8133 0.0253 0.0074
0.8138 0.0164 0.0059
0.8143 0.0061 0.0036
0.8148 0.0282 0.0079
0.8153 0.0160 0.0058
0.8158 0.0172 0.0062
0.8163 0.0275 0.0077
0.8168 0.0186 0.0063
0.8173 0.0142 0.0055
0.8178 0.0125 0.0052
0.8183 0.0191 0.0065
0.8188 0.0171 0.0061
0.8193 0.0205 0.0065
0.8198 0.0179 0.0064
0.8203 0.0240 0.0070
0.8208 0.0126 0.0052
0.8213 0.0214 0.0068
0.8218 0.0228 0.0070
0.8223 0.0124 0.0052
0.8228 0.0188 0.0064
0.8233 0.0239 0.0073
0.8238 0.0318 0.0083
0.8243 0.0302 0.0079
0.8248 0.0320 0.0083
0.8253 0.0335 0.0087
0.8258 0.0222 0.0068
0.8263 0.0163 0.0059
0.8268 0.0235 0.0072
0.8273 0.0375 0.0089
0.8278 0.0312 0.0084
0.8283 0.0283 0.0076
0.8288 0.0285 0.0080
0.8293 0.0357 0.0088
0.8298 0.0368 0.0087
0.8303 0.0174 0.0063
0.8308 0.0244 0.0071
0.8313 0.0183 0.0062
0.8318 0.0192 0.0065
0.8323 0.0196 0.0066
0.8328 0.0295 0.0080
0.8333 0.0390 0.0090
0.8338 0.0206 0.0066
0.8343 0.0217 0.0069
0.8348 0.0185 0.0062
0.8353 0.0205 0.0065
0.8358 0.0130 0.0054
0.8363 0.0295 0.0080
0.8368 0.0038 0.0028
0.8373 0.0163 0.0059
0.8378 0.0103 0.0047
0.8383 0.0145 0.0056
0.8388 0.0244 0.0071
0.8393 0.0148 0.0057
0.8398 0.0172 0.0062
0.8403 0.0244 0.0071
0.8408 0.0183 0.0062
0.8413 0.0128 0.0053
0.8418 0.0126 0.0052
0.8423 0.0174 0.0062
0.8428 0.0147 0.0057
0.8433 0.0295 0.0083
0.8438 0.0276 0.0080
0.8443 0.0361 0.0091
0.8448 0.0184 0.0066
0.8453 0.0205 0.0070
0.8458 0.0113 0.0052
0.8463 0.0280 0.0082
0.8468 0.0069 0.0040
0.8473 0.0302 0.0085
0.8478 0.0115 0.0052
0.8483 0.0253 0.0077
0.8488 0.0165 0.0063
0.8493 0.0190 0.0068
0.8498 0.0404 0.0096
0.8503 0.0046 0.0034
0.8508 0.0240 0.0077
0.8513 0.0282 0.0082
0.8518 0.0327 0.0091
0.8523 0.0161 0.0062
0.8528 0.0156 0.0065
0.8533 0.0143 0.0059
0.8538 0.0146 0.0061
0.8543 0.0261 0.0083
0.8548 0.0221 0.0075
0.8553 0.0122 0.0056
0.8558 0.0233 0.0079
0.8563 0.0232 0.0078
0.8568 0.0504 0.0113
0.8573 0.0126 0.0057
0.8578 0.0282 0.0086
0.8583 0.0132 0.0061
0.8588 0.0072 0.0043
0.8593 0.0207 0.0074
0.8598 0.0159 0.0066
0.8603 0.0097 0.0050
0.8608 0.0130 0.0059
0.8613 0.0250 0.0084
0.8618 0.0183 0.0070
0.8623 0.0184 0.0070
0.8628 0.0269 0.0086
0.8633 0.0255 0.0086
0.8638 0.0133 0.0060
0.8643 0.0330 0.0092
0.8648 0.0286 0.0092
0.8653 0.0251 0.0084
0.8658 0.0218 0.0078
0.8663 0.0136 0.0062
0.8668 0.0296 0.0090
0.8673 0.0109 0.0056
0.8678 0.0192 0.0073
0.8683 0.0114 0.0058
0.8688 0.0194 0.0074
0.8693 0.0358 0.0100
0.8698 0.0226 0.0080
0.8703 0.0116 0.0059
0.8708 0.0172 0.0071
0.8713 0.0105 0.0054
0.8718 0.0321 0.0098
0.8723 0.0231 0.0083
0.8728 0.0311 0.0095
0.8733 0.0173 0.0072
0.8738 0.0196 0.0075
0.8743 0.0281 0.0094
0.8748 0.0219 0.0078
0.8753 0.0087 0.0052
0.8758 0.0197 0.0076
0.8763 0.0289 0.0088
0.8768 0.0291 0.0093
0.8773 0.0139 0.0064
0.8778 0.0189 0.0073
0.8783 0.0280 0.0090
0.8788 0.0193 0.0075
0.8793 0.0259 0.0087
0.8798 0.0128 0.0059
0.8803 0.0248 0.0084
0.8808 0.0196 0.0075
0.8813 0.0081 0.0048
0.8818 0.0182 0.0070
0.8823 0.0205 0.0078
0.8828 0.0225 0.0080
0.8833 0.0159 0.0066
0.8838 0.0285 0.0087
0.8843 0.0252 0.0085
0.8848 0.0198 0.0076
0.8853 0.0346 0.0097
0.8858 0.0181 0.0069
0.8863 0.0145 0.0066
0.8868 0.0371 0.0100
0.8873 0.0270 0.0086
0.8878 0.0162 0.0067
0.8883 0.0216 0.0078
0.8888 0.0183 0.0070
0.8893 0.0101 0.0052
0.8898 0.0302 0.0092
0.8903 0.0080 0.0047
0.8908 0.0123 0.0057
0.8913 0.0355 0.0099
0.8918 0.0317 0.0097
0.8923 0.0311 0.0091
0.8928 0.0264 0.0084
0.8933 0.0240 0.0081
0.8938 0.0350 0.0098
0.8943 0.0132 0.0060
0.8948 0.0136 0.0062
0.8953 0.0223 0.0080
0.8958 0.0232 0.0078
0.8963 0.0101 0.0052
0.8968 0.0245 0.0083
0.8973 0.0222 0.0079
0.8978 0.0205 0.0073
0.8983 0.0190 0.0073
0.8988 0.0245 0.0083
0.8993 0.0208 0.0074
0.8998 0.0292 0.0089
0.9003 0.0132 0.0060
0.9008 0.0241 0.0081
0.9013 0.0261 0.0083
0.9018 0.0270 0.0086
0.9023 0.0192 0.0074
0.9028 0.0234 0.0079
0.9033 0.0177 0.0068
0.9038 0.0253 0.0085
0.9043 0.0215 0.0078
0.9048 0.0199 0.0072
0.9053 0.0271 0.0086
0.9058 0.0326 0.0095
0.9063 0.0185 0.0071
0.9068 0.0406 0.0105
0.9073 0.0208 0.0074
0.9078 0.0200 0.0077
0.9083 0.0277 0.0084
0.9088 0.0393 0.0102
0.9093 0.0335 0.0097
0.9098 0.0261 0.0083
0.9103 0.0180 0.0069
0.9108 0.0238 0.0080
0.9113 0.0221 0.0079
0.9118 0.0297 0.0091
0.9123 0.0326 0.0091
0.9128 0.0263 0.0084
0.9133 0.0163 0.0067
0.9138 0.0408 0.0103
0.9143 0.0360 0.0101
0.9148 0.0185 0.0071
0.9153 0.0230 0.0078
0.9158 0.0337 0.0094
0.9163 0.0432 0.0109
0.9168 0.0137 0.0062
0.9173 0.0281 0.0085
0.9178 0.0234 0.0079
0.9183 0.0107 0.0055
0.9188 0.0264 0.0084
0.9193 0.0208 0.0074
0.9198 0.0289 0.0088
0.9203 0.0136 0.0062
0.9208 0.0221 0.0074
0.9213 0.0163 0.0067
0.9218 0.0186 0.0072
0.9223 0.0235 0.0079
0.9228 0.0126 0.0058
0.9233 0.0176 0.0069
0.9238 0.0234 0.0084
0.9243 0.0349 0.0094
0.9248 0.0197 0.0071
0.9253 0.0166 0.0069
0.9258 0.0156 0.0065
0.9263 0.0157 0.0065
0.9268 0.0286 0.0087
0.9273 0.0288 0.0088
0.9278 0.0240 0.0081
0.9283 0.0383 0.0100
0.9288 0.0050 0.0037
0.9293 0.0240 0.0081
0.9298 0.0204 0.0073
0.9303 0.0314 0.0091
0.9308 0.0160 0.0067
0.9313 0.0239 0.0080
0.9318 0.0281 0.0085
0.9323 0.0187 0.0072
0.9328 0.0157 0.0065
0.9333 0.0149 0.0062
0.9338 0.0326 0.0095
0.9343 0.0130 0.0060
0.9348 0.0315 0.0092
0.9353 0.0174 0.0067
0.9358 0.0244 0.0082
0.9363 0.0217 0.0078
0.9368 0.0225 0.0075
0.9373 0.0185 0.0071
0.9378 0.0135 0.0061
0.9383 0.0179 0.0068
0.9388 0.0210 0.0075
0.9393 0.0152 0.0063
0.9398 0.0220 0.0078
0.9403 0.0198 0.0071
0.9408 0.0226 0.0076
0.9413 0.0281 0.0089
0.9418 0.0324 0.0094
0.9423 0.0249 0.0080
0.9428 0.0184 0.0070
0.9433 0.0133 0.0061
0.9438 0.0233 0.0079
0.9443 0.0103 0.0053
0.9448 0.0236 0.0080
0.9453 0.0230 0.0078
0.9458 0.0258 0.0082
0.9463 0.0182 0.0070
0.9468 0.0164 0.0068
0.9473 0.0228 0.0077
0.9478 0.0173 0.0067
0.9483 0.0375 0.0101
0.9488 0.0352 0.0098
0.9493 0.0172 0.0066
0.9498 0.0372 0.0100
0.9503 0.0022 0.0025
0.9508 0.0205 0.0073
0.9513 0.0206 0.0074
0.9518 0.0154 0.0064
0.9523 0.0258 0.0082
0.9528 0.0282 0.0086
0.9533 0.0228 0.0077
0.9538 0.0372 0.0104
0.9543 0.0172 0.0067
0.9548 0.0045 0.0034
0.9553 0.0215 0.0077
0.9558 0.0231 0.0078
0.9563 0.0157 0.0065
0.9568 0.0337 0.0094
0.9573 0.0206 0.0074
0.9578 0.0288 0.0087
0.9583 0.0299 0.0087
0.9588 0.0261 0.0083
0.9593 0.0328 0.0095
0.9598 0.0231 0.0078
0.9603 0.0189 0.0072
0.9608 0.0283 0.0090
0.9613 0.0265 0.0085
0.9618 0.0214 0.0076
0.9623 0.0270 0.0086
0.9628 0.0256 0.0086
0.9633 0.0394 0.0103
0.9638 0.0224 0.0080
0.9643 0.0406 0.0105
0.9648 0.0442 0.0111
0.9653 0.0283 0.0086
0.9658 0.0272 0.0087
0.9663 0.0508 0.0121
0.9668 0.0362 0.0097
0.9673 0.0276 0.0088
0.9678 0.0390 0.0105
0.9683 0.0248 0.0083
0.9688 0.0346 0.0100
0.9693 0.0327 0.0095
0.9698 0.0487 0.0119
0.9703 0.0241 0.0082
0.9708 0.0350 0.0102
0.9713 0.0617 0.0135
0.9718 0.0473 0.0116
0.9723 0.0468 0.0115
0.9728 0.0318 0.0097
0.9733 0.0514 0.0125
0.9738 0.0307 0.0093
0.9743 0.0522 0.0124
0.9748 0.0423 0.0114
0.9753 0.0710 0.0143
0.9758 0.0581 0.0131
0.9763 0.0364 0.0106
0.9768 0.0509 0.0124
0.9773 0.0401 0.0108
0.9778 0.0311 0.0095
0.9783 0.0368 0.0107
0.9788 0.0388 0.0109
0.9793 0.0432 0.0112
0.9798 0.0417 0.0112
0.9803 0.0334 0.0101
0.9808 0.0434 0.0112
0.9813 0.0414 0.0112
0.9818 0.0296 0.0095
0.9823 0.0206 0.0079
0.9828 0.0263 0.0089
0.9833 0.0293 0.0093
0.9838 0.0155 0.0071
0.9843 0.0140 0.0064
0.9848 0.0331 0.0100
0.9853 0.0208 0.0080
0.9858 0.0178 0.0073
0.9863 0.0297 0.0095
0.9868 0.0421 0.0114
0.9873 0.0211 0.0080
0.9878 0.0203 0.0078
0.9883 0.0171 0.0071
0.9888 0.0279 0.0094
0.9893 0.0274 0.0093
0.9898 0.0314 0.0095
0.9903 0.0338 0.0103
0.9908 0.0233 0.0083
0.9913 0.0151 0.0068
0.9918 0.0145 0.0066
0.9923 0.0089 0.0053
0.9928 0.0241 0.0086
0.9933 0.0372 0.0104
0.9938 0.0154 0.0069
0.9943 0.0313 0.0100
0.9948 0.0287 0.0092
0.9953 0.0183 0.0076
0.9958 0.0415 0.0112
0.9963 0.0223 0.0085
0.9968 0.0197 0.0075
0.9973 0.0117 0.0060
0.9978 0.0275 0.0093
0.9983 0.0330 0.0101
0.9988 0.0395 0.0110
0.9993 0.0312 0.0099
0.9998 0.0609 0.0140
1.0003 0.0164 0.0068
1.0008 0.0249 0.0089
1.0012 0.0535 0.0130
1.0017 0.0389 0.0108
1.0023 0.0392 0.0110
1.0028 0.0180 0.0075
1.0032 0.0223 0.0085
1.0037 0.0516 0.0123
1.0043 0.0286 0.0096
1.0048 0.0282 0.0095
1.0052 0.0171 0.0071
1.0057 0.0393 0.0109
1.0063 0.0343 0.0105
1.0068 0.0159 0.0072
1.0072 0.0292 0.0093
1.0077 0.0386 0.0108
1.0083 0.0593 0.0137
1.0088 0.0280 0.0094
1.0092 0.0274 0.0092
1.0097 0.0397 0.0111
1.0103 0.0658 0.0148
1.0108 0.0254 0.0086
1.0112 0.0276 0.0093
1.0117 0.0248 0.0089
1.0123 0.0183 0.0076
1.0128 0.0389 0.0109
1.0132 0.0213 0.0082
1.0137 0.0281 0.0095
1.0143 0.0293 0.0094
1.0148 0.0411 0.0115
1.0152 0.0347 0.0105
1.0157 0.0454 0.0118
1.0163 0.0179 0.0074
1.0168 0.0151 0.0069
1.0172 0.0265 0.0095
1.0177 0.0345 0.0100
1.0183 0.0312 0.0099
1.0188 0.0309 0.0099
1.0192 0.0153 0.0069
1.0197 0.0369 0.0107
1.0203 0.0184 0.0076
1.0208 0.0223 0.0085
1.0212 0.0173 0.0072
1.0217 0.0612 0.0139
1.0223 0.0130 0.0066
1.0228 0.0295 0.0094
1.0232 0.0275 0.0092
1.0237 0.0247 0.0088
1.0243 0.0161 0.0073
1.0248 0.0331 0.0101
1.0252 0.0152 0.0069
1.0257 0.0373 0.0108
1.0263 0.0122 0.0062
1.0268 0.0241 0.0087
1.0272 0.0423 0.0118
1.0277 0.0258 0.0092
1.0283 0.0260 0.0087
1.0288 0.0409 0.0115
1.0292 0.0281 0.0095
1.0297 0.0434 0.0116
1.0303 0.0280 0.0094
1.0308 0.0152 0.0069
1.0312 0.0217 0.0084
1.0317 0.0328 0.0100
1.0323 0.0220 0.0085
1.0328 0.0126 0.0064
1.0333 0.0363 0.0106
1.0337 0.0211 0.0081
1.0343 0.0220 0.0084
1.0348 0.0255 0.0091
1.0353 0.0238 0.0086
1.0357 0.0338 0.0103
1.0363 0.0351 0.0107
1.0368 0.0301 0.0096
1.0373 0.0312 0.0100
1.0377 0.0348 0.0106
1.0383 0.0523 0.0132
1.0388 0.0208 0.0079
1.0393 0.0369 0.0107
1.0397 0.0225 0.0087
1.0403 0.0243 0.0087
1.0408 0.0341 0.0104
1.0413 0.0191 0.0079
1.0417 0.0254 0.0091
1.0422 0.0413 0.0111
1.0428 0.0354 0.0108
1.0433 0.0220 0.0084
1.0437 0.0336 0.0102
1.0442 0.0155 0.0070
1.0448 0.0217 0.0083
1.0453 0.0434 0.0121
1.0457 0.0152 0.0069
1.0462 0.0336 0.0102
1.0468 0.0190 0.0079
1.0473 0.0334 0.0101
1.0477 0.0214 0.0082
1.0482 0.0301 0.0102
1.0488 0.0444 0.0120
1.0493 0.0350 0.0102
1.0497 0.0476 0.0124
1.0503 0.0523 0.0132
1.0508 0.0188 0.0078
1.0513 0.0345 0.0105
1.0517 0.0315 0.0101
1.0523 0.0424 0.0118
1.0528 0.0147 0.0066
1.0533 0.0286 0.0096
1.0537 0.0233 0.0089
1.0543 0.0241 0.0086
1.0548 0.0306 0.0098
1.0553 0.0156 0.0071
1.0557 0.0407 0.0118
1.0563 0.0262 0.0088
1.0568 0.0326 0.0104
1.0573 0.0356 0.0108
1.0577 0.0204 0.0079
1.0583 0.0316 0.0101
1.0588 0.0280 0.0095
1.0593 0.0132 0.0067
1.0597 0.0317 0.0096
1.0603 0.0344 0.0104
1.0608 0.0192 0.0080
1.0613 0.0150 0.0068
1.0617 0.0428 0.0116
1.0623 0.0357 0.0109
1.0628 0.0221 0.0084
1.0633 0.0296 0.0094
1.0637 0.0318 0.0101
1.0643 0.0261 0.0093
1.0648 0.0420 0.0113
1.0653 0.0438 0.0118
1.0657 0.0250 0.0089
1.0663 0.0160 0.0073
1.0668 0.0336 0.0102
1.0673 0.0183 0.0075
1.0677 0.0127 0.0065
1.0683 0.0355 0.0103
1.0688 0.0089 0.0053
1.0693 0.0325 0.0104
1.0697 0.0319 0.0102
1.0703 0.0298 0.0095
1.0708 0.0254 0.0091
1.0713 0.0219 0.0084
1.0717 0.0366 0.0106
1.0723 0.0213 0.0082
1.0728 0.0378 0.0110
1.0733 0.0220 0.0084
1.0737 0.0326 0.0099
1.0743 0.0411 0.0115
1.0748 0.0328 0.0105
1.0753 0.0486 0.0122
1.0757 0.0184 0.0076
1.0763 0.0317 0.0101
1.0768 0.0374 0.0109
1.0773 0.0402 0.0112
1.0777 0.0253 0.0090
1.0783 0.0128 0.0065
1.0788 0.0148 0.0067
1.0793 0.0247 0.0088
1.0797 0.0125 0.0064
1.0803 0.0125 0.0064
1.0808 0.0207 0.0080
1.0813 0.0314 0.0100
1.0817 0.0326 0.0103
1.0823 0.0322 0.0098
1.0828 0.0387 0.0113
1.0833 0.0390 0.0113
1.0837 0.0184 0.0076
1.0843 0.0117 0.0060
1.0848 0.0314 0.0100
1.0853 0.0264 0.0095
1.0857 0.0272 0.0091
1.0863 0.0302 0.0096
1.0868 0.0332 0.0106
1.0873 0.0303 0.0096
1.0877 0.0459 0.0119
1.0883 0.0324 0.0103
1.0888 0.0130 0.0066
1.0893 0.0295 0.0094
1.0897 0.0447 0.0120
1.0903 0.0227 0.0087
1.0908 0.0516 0.0126
1.0913 0.0251 0.0090
1.0917 0.0219 0.0084
1.0923 0.0164 0.0074
1.0928 0.0381 0.0106
1.0933 0.0091 0.0054
1.0938 0.0197 0.0082
1.0943 0.0337 0.0102
1.0948 0.0337 0.0103
1.0953 0.0560 0.0137
1.0958 0.0294 0.0099
1.0963 0.0319 0.0097
1.0968 0.0253 0.0091
1.0973 0.0431 0.0120
1.0978 0.0233 0.0083
1.0983 0.0440 0.0119
1.0988 0.0355 0.0108
1.0993 0.0196 0.0081
1.0998 0.0295 0.0094
