0.0525 0.0782 0.0139
0.0575 0.0849 0.0150
0.0625 0.0814 0.0156
0.0675 0.0442 0.0119
0.0725 0.0551 0.0127
0.0775 0.0673 0.0130
0.0825 0.0621 0.0122
0.0875 0.0615 0.0115
0.0925 0.0734 0.0120
0.0975 0.0759 0.0112
0.1025 0.0516 0.0088
0.1075 0.0599 0.0092
0.1125 0.0639 0.0092
0.1175 0.0729 0.0096
0.1225 0.0672 0.0090
0.1275 0.0862 0.0099
0.1325 0.0827 0.0094
0.1375 0.0740 0.0087
0.1425 0.0871 0.0092
0.1475 0.0885 0.0091
0.1525 0.1101 0.0099
0.1575 0.1287 0.0105
0.1625 0.1550 0.0114
0.1675 0.1237 0.0100
0.1725 0.1713 0.0114
0.1775 0.2217 0.0130
0.1825 0.2613 0.0138
0.1875 0.3707 0.0160
0.1925 0.5471 0.0194
0.1975 0.8626 0.0240
0.2025 0.7296 0.0215
0.2075 0.5097 0.0178
0.2125 0.3880 0.0153
0.2175 0.2902 0.0131
0.2225 0.2656 0.0123
0.2275 0.2494 0.0118
0.2325 0.2000 0.0105
0.2375 0.1801 0.0098
0.2425 0.1634 0.0092
0.2475 0.1791 0.0096
0.2525 0.1552 0.0088
0.2575 0.1598 0.0088
0.2625 0.1496 0.0085
0.2675 0.1487 0.0083
0.2725 0.1447 0.0081
0.2775 0.1307 0.0077
0.2825 0.1218 0.0073
0.2875 0.1238 0.0073
0.2925 0.1225 0.0072
0.2975 0.1337 0.0075
0.3025 0.1172 0.0069
0.3075 0.1038 0.0065
0.3125 0.1024 0.0065
0.3175 0.0979 0.0064
0.3225 0.1049 0.0066
0.3275 0.0992 0.0065
0.3325 0.1159 0.0070
0.3375 0.0965 0.0064
0.3425 0.1076 0.0067
0.3475 0.1036 0.0064
0.3525 0.0920 0.0059
0.3575 0.0862 0.0057
0.3625 0.0845 0.0056
0.3675 0.0985 0.0059
0.3725 0.0980 0.0059
0.3775 0.0846 0.0054
0.3825 0.0953 0.0057
0.3875 0.0951 0.0056
0.3925 0.0902 0.0054
0.3975 0.0923 0.0054
0.4025 0.0806 0.0050
0.4075 0.0929 0.0053
0.4125 0.0935 0.0053
0.4175 0.0938 0.0053
0.4225 0.0938 0.0052
0.4275 0.0948 0.0052
0.4325 0.0916 0.0051
0.4375 0.0805 0.0047
0.4425 0.0945 0.0051
0.4475 0.0898 0.0050
0.4525 0.0740 0.0045
0.4575 0.0896 0.0050
0.4625 0.0807 0.0048
0.4675 0.0874 0.0050
0.4725 0.0817 0.0048
0.4775 0.0828 0.0049
0.4825 0.0864 0.0050
0.4875 0.0740 0.0046
0.4925 0.0858 0.0049
0.4975 0.0897 0.0049
0.5025 0.0786 0.0046
0.5075 0.0865 0.0047
0.5125 0.0766 0.0044
0.5175 0.0811 0.0045
0.5225 0.0819 0.0045
0.5275 0.0814 0.0044
0.5325 0.0926 0.0047
0.5375 0.0900 0.0046
0.5425 0.0833 0.0044
0.5475 0.0802 0.0043
0.5525 0.0816 0.0043
0.5575 0.0774 0.0042
0.5625 0.0867 0.0044
0.5675 0.0813 0.0042
0.5725 0.0785 0.0041
0.5775 0.0756 0.0040
0.5825 0.0769 0.0041
0.5875 0.0793 0.0041
0.5925 0.0888 0.0043
0.5975 0.0943 0.0044
0.6025 0.0903 0.0043
0.6075 0.0914 0.0044
0.6125 0.0826 0.0042
0.6175 0.0925 0.0045
0.6225 0.0873 0.0044
0.6275 0.0825 0.0043
0.6325 0.0857 0.0044
0.6375 0.0872 0.0044
0.6425 0.0946 0.0046
0.6475 0.1027 0.0048
0.6525 0.0735 0.0041
0.6575 0.0892 0.0044
0.6625 0.0827 0.0043
0.6675 0.0921 0.0045
0.6725 0.0905 0.0045
0.6775 0.0934 0.0046
0.6825 0.0958 0.0047
0.6875 0.0996 0.0048
0.6925 0.0895 0.0045
0.6975 0.0988 0.0048
0.7025 0.0957 0.0047
0.7075 0.0943 0.0047
0.7125 0.0909 0.0046
0.7175 0.0849 0.0044
0.7225 0.0955 0.0047
0.7275 0.0900 0.0045
0.7325 0.0979 0.0047
0.7375 0.0870 0.0044
0.7425 0.0921 0.0046
0.7475 0.1050 0.0050
0.7525 0.0967 0.0048
0.7575 0.1035 0.0049
0.7625 0.1032 0.0050
0.7675 0.1040 0.0050
0.7725 0.0967 0.0048
0.7775 0.1004 0.0049
0.7825 0.1063 0.0050
0.7875 0.0951 0.0047
0.7925 0.0989 0.0048
0.7975 0.1132 0.0052
0.8025 0.1020 0.0049
0.8075 0.1009 0.0049
0.8125 0.1055 0.0050
0.8175 0.1106 0.0051
0.8225 0.1062 0.0050
0.8275 0.1194 0.0053
0.8325 0.1076 0.0050
0.8375 0.1099 0.0051
0.8425 0.1072 0.0050
0.8475 0.1068 0.0051
0.8525 0.1068 0.0053
0.8575 0.1127 0.0056
0.8625 0.1082 0.0056
0.8675 0.1046 0.0056
0.8725 0.1160 0.0060
0.8775 0.1119 0.0060
0.8825 0.1175 0.0060
0.8875 0.1139 0.0058
0.8925 0.1100 0.0057
0.8975 0.1115 0.0057
0.9025 0.1090 0.0057
0.9075 0.1140 0.0058
0.9125 0.1187 0.0059
0.9175 0.1150 0.0058
0.9225 0.1163 0.0058
0.9275 0.1293 0.0061
0.9325 0.1248 0.0060
0.9375 0.1291 0.0061
0.9425 0.1293 0.0061
0.9475 0.1364 0.0063
0.9525 0.1308 0.0061
0.9575 0.1192 0.0058
0.9625 0.1340 0.0062
0.9675 0.1314 0.0062
0.9725 0.1376 0.0063
0.9775 0.1291 0.0062
0.9825 0.1262 0.0061
0.9875 0.1181 0.0060
0.9925 0.1196 0.0060
0.9975 0.1373 0.0065
1.0025 0.1385 0.0065
1.0075 0.1408 0.0066
1.0125 0.1301 0.0064
1.0175 0.1427 0.0067
1.0225 0.1386 0.0066
1.0275 0.1425 0.0067
1.0325 0.1440 0.0067
1.0375 0.1202 0.0062
1.0425 0.1559 0.0070
1.0475 0.1489 0.0069
1.0525 0.1449 0.0068
1.0575 0.1420 0.0068
1.0625 0.1612 0.0072
1.0675 0.1407 0.0067
1.0725 0.1394 0.0067
1.0775 0.1654 0.0073
1.0825 0.1584 0.0071
1.0875 0.1616 0.0072
1.0925 0.1389 0.0067
1.0975 0.1519 0.0070
1.1025 0.1707 0.0074
1.1075 0.1745 0.0075
1.1125 0.1633 0.0073
1.1175 0.1652 0.0073
1.1225 0.1546 0.0071
1.1275 0.1659 0.0073
1.1325 0.1686 0.0074
1.1375 0.1604 0.0072
1.1425 0.1825 0.0077
1.1475 0.1858 0.0078
1.1525 0.1798 0.0076
1.1575 0.1728 0.0075
1.1625 0.1709 0.0075
1.1675 0.1897 0.0079
1.1725 0.1760 0.0076
1.1775 0.1911 0.0079
1.1825 0.1868 0.0078
1.1875 0.1921 0.0079
1.1925 0.1970 0.0080
1.1975 0.1984 0.0080
