0.0525 0.1241 0.0175
0.0575 0.0764 0.0143
0.0625 0.0916 0.0165
0.0675 0.0284 0.0096
0.0725 0.0654 0.0139
0.0775 0.0471 0.0109
0.0825 0.0527 0.0113
0.0875 0.0739 0.0126
0.0925 0.0564 0.0105
0.0975 0.0556 0.0096
0.1025 0.0552 0.0091
0.1075 0.0656 0.0096
0.1125 0.0734 0.0099
0.1175 0.0702 0.0094
0.1225 0.0671 0.0090
0.1275 0.0661 0.0086
0.1325 0.0595 0.0080
0.1375 0.0918 0.0097
0.1425 0.0867 0.0092
0.1475 0.0705 0.0081
0.1525 0.0858 0.0088
0.1575 0.0885 0.0087
0.1625 0.0958 0.0089
0.1675 0.1111 0.0094
0.1725 0.1279 0.0099
0.1775 0.1332 0.0100
0.1825 0.1602 0.0108
0.1875 0.2081 0.0120
0.1925 0.5410 0.0192
0.1975 2.2120 0.0384
0.2025 2.6143 0.0407
0.2075 0.6263 0.0198
0.2125 0.3008 0.0135
0.2175 0.2566 0.0123
0.2225 0.2141 0.0111
0.2275 0.2135 0.0109
0.2325 0.1951 0.0104
0.2375 0.2010 0.0104
0.2425 0.1600 0.0091
0.2475 0.1493 0.0087
0.2525 0.1438 0.0085
0.2575 0.1420 0.0083
0.2625 0.1225 0.0077
0.2675 0.1314 0.0078
0.2725 0.1224 0.0075
0.2775 0.1219 0.0075
0.2825 0.1271 0.0075
0.2875 0.1152 0.0070
0.2925 0.0939 0.0063
0.2975 0.1050 0.0066
0.3025 0.1194 0.0070
0.3075 0.0981 0.0063
0.3125 0.1043 0.0066
0.3175 0.0996 0.0065
0.3225 0.0936 0.0063
0.3275 0.1007 0.0065
0.3325 0.0961 0.0064
0.3375 0.0949 0.0063
0.3425 0.1035 0.0066
0.3475 0.0991 0.0063
0.3525 0.0990 0.0062
0.3575 0.0911 0.0058
0.3625 0.1034 0.0062
0.3675 0.0912 0.0057
0.3725 0.0898 0.0056
0.3775 0.0950 0.0057
0.3825 0.0790 0.0052
0.3875 0.0845 0.0053
0.3925 0.0893 0.0054
0.3975 0.0796 0.0050
0.4025 0.1047 0.0057
0.4075 0.0916 0.0053
0.4125 0.0918 0.0053
0.4175 0.0799 0.0049
0.4225 0.0890 0.0051
0.4275 0.0860 0.0050
0.4325 0.0875 0.0050
0.4375 0.0824 0.0048
0.4425 0.0830 0.0048
0.4475 0.0862 0.0049
0.4525 0.0915 0.0050
0.4575 0.0865 0.0049
0.4625 0.0796 0.0047
0.4675 0.0824 0.0048
0.4725 0.0817 0.0048
0.4775 0.0873 0.0050
0.4825 0.0761 0.0047
0.4875 0.0882 0.0050
0.4925 0.0795 0.0047
0.4975 0.0758 0.0045
0.5025 0.0757 0.0045
0.5075 0.0705 0.0043
0.5125 0.0743 0.0043
0.5175 0.0797 0.0045
0.5225 0.0811 0.0045
0.5275 0.0761 0.0043
0.5325 0.0696 0.0041
0.5375 0.0841 0.0044
0.5425 0.0876 0.0045
0.5475 0.0756 0.0042
0.5525 0.0766 0.0042
0.5575 0.0708 0.0040
0.5625 0.0889 0.0044
0.5675 0.0751 0.0041
0.5725 0.0808 0.0042
0.5775 0.0756 0.0040
0.5825 0.0817 0.0042
0.5875 0.0779 0.0041
0.5925 0.0820 0.0041
0.5975 0.0801 0.0041
0.6025 0.0847 0.0042
0.6075 0.0817 0.0041
0.6125 0.0902 0.0044
0.6175 0.0787 0.0042
0.6225 0.0859 0.0044
0.6275 0.0784 0.0042
0.6325 0.0832 0.0043
0.6375 0.0792 0.0042
0.6425 0.0893 0.0045
0.6475 0.0864 0.0044
0.6525 0.0801 0.0042
0.6575 0.0852 0.0044
0.6625 0.0856 0.0044
0.6675 0.0834 0.0043
0.6725 0.0786 0.0042
0.6775 0.0823 0.0043
0.6825 0.0927 0.0046
0.6875 0.0867 0.0045
0.6925 0.0911 0.0046
0.6975 0.0886 0.0045
0.7025 0.0883 0.0045
0.7075 0.0909 0.0046
0.7125 0.0951 0.0047
0.7175 0.0855 0.0044
0.7225 0.0862 0.0044
0.7275 0.0870 0.0045
0.7325 0.0929 0.0046
0.7375 0.0990 0.0047
0.7425 0.0964 0.0047
0.7475 0.0936 0.0047
0.7525 0.0966 0.0048
0.7575 0.0963 0.0048
0.7625 0.0935 0.0047
0.7675 0.0896 0.0046
0.7725 0.0981 0.0048
0.7775 0.1011 0.0049
0.7825 0.1002 0.0049
0.7875 0.0936 0.0047
0.7925 0.1025 0.0049
0.7975 0.1025 0.0049
0.8025 0.0937 0.0047
0.8075 0.0868 0.0045
0.8125 0.1025 0.0049
0.8175 0.1045 0.0049
0.8225 0.0944 0.0047
0.8275 0.1007 0.0049
0.8325 0.0993 0.0048
0.8375 0.0993 0.0048
0.8425 0.1031 0.0049
0.8475 0.1039 0.0051
0.8525 0.1121 0.0054
0.8575 0.1143 0.0057
0.8625 0.0998 0.0054
0.8675 0.1160 0.0059
0.8725 0.1191 0.0061
0.8775 0.0988 0.0056
0.8825 0.0981 0.0055
0.8875 0.1207 0.0060
0.8925 0.1108 0.0057
0.8975 0.1083 0.0056
0.9025 0.1161 0.0058
0.9075 0.1163 0.0058
0.9125 0.1152 0.0058
0.9175 0.1134 0.0057
0.9225 0.1156 0.0058
0.9275 0.1095 0.0056
0.9325 0.1118 0.0057
0.9375 0.1253 0.0060
0.9425 0.1189 0.0059
0.9475 0.1146 0.0057
0.9525 0.1224 0.0059
0.9575 0.1195 0.0058
0.9625 0.1185 0.0058
0.9675 0.1291 0.0062
0.9725 0.1228 0.0059
0.9775 0.1330 0.0063
0.9825 0.1353 0.0064
0.9875 0.1204 0.0060
0.9925 0.1224 0.0061
0.9975 0.1195 0.0061
1.0025 0.1265 0.0062
1.0075 0.1395 0.0066
1.0125 0.1274 0.0063
1.0175 0.1427 0.0067
1.0225 0.1428 0.0067
1.0275 0.1433 0.0067
1.0325 0.1488 0.0069
1.0375 0.1423 0.0067
1.0425 0.1402 0.0067
1.0475 0.1460 0.0068
1.0525 0.1412 0.0067
1.0575 0.1440 0.0068
1.0625 0.1414 0.0067
1.0675 0.1377 0.0066
1.0725 0.1508 0.0069
1.0775 0.1512 0.0069
1.0825 0.1588 0.0071
1.0875 0.1516 0.0070
1.0925 0.1599 0.0072
1.0975 0.1587 0.0071
1.1025 0.1677 0.0073
1.1075 0.1621 0.0072
1.1125 0.1614 0.0072
1.1175 0.1606 0.0072
1.1225 0.1528 0.0070
1.1275 0.1743 0.0075
1.1325 0.1603 0.0072
1.1375 0.1756 0.0076
1.1425 0.1703 0.0074
1.1475 0.1698 0.0074
1.1525 0.1721 0.0075
1.1575 0.1711 0.0075
1.1625 0.1679 0.0074
1.1675 0.1790 0.0076
1.1725 0.1765 0.0076
1.1775 0.1855 0.0078
1.1825 0.1854 0.0078
1.1875 0.1798 0.0076
1.1925 0.1804 0.0076
1.1975 0.1953 0.0079
