0.0525 0.1016 0.0158
0.0575 0.1182 0.0178
0.0625 0.0966 0.0170
0.0675 0.0352 0.0106
0.0725 0.0632 0.0136
0.0775 0.0517 0.0114
0.0825 0.0502 0.0110
0.0875 0.0444 0.0098
0.0925 0.0467 0.0096
0.0975 0.0480 0.0089
0.1025 0.0325 0.0070
0.1075 0.0450 0.0080
0.1125 0.0453 0.0078
0.1175 0.0450 0.0075
0.1225 0.0371 0.0067
0.1275 0.0336 0.0062
0.1325 0.0432 0.0068
0.1375 0.0549 0.0075
0.1425 0.0540 0.0073
0.1475 0.0975 0.0095
0.1525 0.0793 0.0084
0.1575 0.0713 0.0078
0.1625 0.0739 0.0078
0.1675 0.0690 0.0074
0.1725 0.0690 0.0073
0.1775 0.0932 0.0084
0.1825 0.1299 0.0097
0.1875 0.2020 0.0118
0.1925 0.4136 0.0168
0.1975 1.5350 0.0320
0.2025 2.3107 0.0383
0.2075 2.0637 0.0359
0.2125 1.1947 0.0269
0.2175 0.6214 0.0192
0.2225 0.4197 0.0155
0.2275 0.2939 0.0128
0.2325 0.1908 0.0102
0.2375 0.1480 0.0089
0.2425 0.1106 0.0076
0.2475 0.0785 0.0063
0.2525 0.0698 0.0059
0.2575 0.0634 0.0056
0.2625 0.0605 0.0054
0.2675 0.0671 0.0056
0.2725 0.1388 0.0080
0.2775 0.4147 0.0138
0.2825 0.4584 0.0142
0.2875 0.2333 0.0100
0.2925 0.1138 0.0070
0.2975 0.0963 0.0064
0.3025 0.0852 0.0059
0.3075 0.0658 0.0052
0.3125 0.0561 0.0048
0.3175 0.0615 0.0051
0.3225 0.0694 0.0054
0.3275 0.0575 0.0049
0.3325 0.0545 0.0048
0.3375 0.0536 0.0048
0.3425 0.0497 0.0046
0.3475 0.0590 0.0048
0.3525 0.0515 0.0044
0.3575 0.0408 0.0039
0.3625 0.0368 0.0037
0.3675 0.0416 0.0039
0.3725 0.0501 0.0042
0.3775 0.0447 0.0039
0.3825 0.0435 0.0038
0.3875 0.0441 0.0038
0.3925 0.0645 0.0046
0.3975 0.0962 0.0055
0.4025 0.1065 0.0058
0.4075 0.1126 0.0059
0.4125 0.0994 0.0055
0.4175 0.0893 0.0052
0.4225 0.0808 0.0049
0.4275 0.0726 0.0046
0.4325 0.0682 0.0044
0.4375 0.0678 0.0044
0.4425 0.0674 0.0043
0.4475 0.0654 0.0042
0.4525 0.0643 0.0042
0.4575 0.0633 0.0042
0.4625 0.0604 0.0041
0.4675 0.0608 0.0041
0.4725 0.0561 0.0040
0.4775 0.0523 0.0039
0.4825 0.0548 0.0039
0.4875 0.0553 0.0040
0.4925 0.0554 0.0039
0.4975 0.0550 0.0039
0.5025 0.0494 0.0036
0.5075 0.0552 0.0038
0.5125 0.0395 0.0032
0.5175 0.0558 0.0037
0.5225 0.0548 0.0037
0.5275 0.0441 0.0033
0.5325 0.0442 0.0033
0.5375 0.0557 0.0036
0.5425 0.0488 0.0034
0.5475 0.0552 0.0036
0.5525 0.0530 0.0035
0.5575 0.0459 0.0032
0.5625 0.0527 0.0034
0.5675 0.0547 0.0035
0.5725 0.0548 0.0035
0.5775 0.0537 0.0034
0.5825 0.0511 0.0033
0.5875 0.0515 0.0033
0.5925 0.0542 0.0034
0.5975 0.0476 0.0031
0.6025 0.0551 0.0034
0.6075 0.0646 0.0037
0.6125 0.0658 0.0038
0.6175 0.0614 0.0037
0.6225 0.0798 0.0042
0.6275 0.0772 0.0041
0.6325 0.0714 0.0040
0.6375 0.0620 0.0037
0.6425 0.0592 0.0036
0.6475 0.0562 0.0035
0.6525 0.0591 0.0036
0.6575 0.0601 0.0037
0.6625 0.0539 0.0035
0.6675 0.0643 0.0038
0.6725 0.0609 0.0037
0.6775 0.0556 0.0035
0.6825 0.0633 0.0038
0.6875 0.0674 0.0039
0.6925 0.0639 0.0038
0.6975 0.0637 0.0038
0.7025 0.0600 0.0037
0.7075 0.0646 0.0039
0.7125 0.0607 0.0037
0.7175 0.0697 0.0040
0.7225 0.0680 0.0039
0.7275 0.0644 0.0038
0.7325 0.0681 0.0039
0.7375 0.0695 0.0040
0.7425 0.0642 0.0039
0.7475 0.0653 0.0039
0.7525 0.0711 0.0041
0.7575 0.0609 0.0038
0.7625 0.0687 0.0040
0.7675 0.0739 0.0042
0.7725 0.0729 0.0042
0.7775 0.0765 0.0043
0.7825 0.0671 0.0040
0.7875 0.0709 0.0041
0.7925 0.0695 0.0040
0.7975 0.0663 0.0040
0.8025 0.0628 0.0039
0.8075 0.0668 0.0040
0.8125 0.0815 0.0044
0.8175 0.0989 0.0048
0.8225 0.1337 0.0056
0.8275 0.1068 0.0050
0.8325 0.0946 0.0047
0.8375 0.0909 0.0046
0.8425 0.0727 0.0041
0.8475 0.0790 0.0044
0.8525 0.0742 0.0044
0.8575 0.0860 0.0049
0.8625 0.0893 0.0051
0.8675 0.0741 0.0047
0.8725 0.0801 0.0050
0.8775 0.0837 0.0052
0.8825 0.0879 0.0052
0.8875 0.0800 0.0049
0.8925 0.0901 0.0052
0.8975 0.0890 0.0051
0.9025 0.1024 0.0055
0.9075 0.0886 0.0051
0.9125 0.0839 0.0049
0.9175 0.0827 0.0049
0.9225 0.0914 0.0051
0.9275 0.0765 0.0047
0.9325 0.0880 0.0050
0.9375 0.0914 0.0051
0.9425 0.0851 0.0049
0.9475 0.0755 0.0047
0.9525 0.0871 0.0050
0.9575 0.0876 0.0050
0.9625 0.0905 0.0051
0.9675 0.1010 0.0055
0.9725 0.0940 0.0052
0.9775 0.0962 0.0053
0.9825 0.0910 0.0052
0.9875 0.0895 0.0052
0.9925 0.0999 0.0055
0.9975 0.1103 0.0058
1.0025 0.0861 0.0051
1.0075 0.0938 0.0054
1.0125 0.0905 0.0053
1.0175 0.0953 0.0055
1.0225 0.0937 0.0054
1.0275 0.0987 0.0056
1.0325 0.1026 0.0057
1.0375 0.1049 0.0058
1.0425 0.1066 0.0058
1.0475 0.1109 0.0060
1.0525 0.1037 0.0058
1.0575 0.1064 0.0059
1.0625 0.1038 0.0058
1.0675 0.1015 0.0057
1.0725 0.1135 0.0060
1.0775 0.0969 0.0056
1.0825 0.0920 0.0054
1.0875 0.1103 0.0059
1.0925 0.1003 0.0057
1.0975 0.1106 0.0060
1.1025 0.1106 0.0059
1.1075 0.1109 0.0060
1.1125 0.1174 0.0062
1.1175 0.1193 0.0062
1.1225 0.1192 0.0062
1.1275 0.1161 0.0061
1.1325 0.1070 0.0059
1.1375 0.1170 0.0062
1.1425 0.1145 0.0061
1.1475 0.1252 0.0064
1.1525 0.1244 0.0064
1.1575 0.1246 0.0064
1.1625 0.1284 0.0065
1.1675 0.1259 0.0064
1.1725 0.1427 0.0068
1.1775 0.1365 0.0067
1.1825 0.1513 0.0070
1.1875 0.1492 0.0070
1.1925 0.1414 0.0068
1.1975 0.1556 0.0071
