0.0525 0.0946 0.0152
0.0575 0.0447 0.0109
0.0625 0.0589 0.0132
0.0675 0.0666 0.0146
0.0725 0.0598 0.0133
0.0775 0.0494 0.0112
0.0825 0.0454 0.0104
0.0875 0.0466 0.0100
0.0925 0.0515 0.0100
0.0975 0.0695 0.0108
0.1025 0.0581 0.0093
0.1075 0.0630 0.0094
0.1125 0.0545 0.0085
0.1175 0.0566 0.0084
0.1225 0.0623 0.0087
0.1275 0.0921 0.0102
0.1325 0.0564 0.0078
0.1375 0.0802 0.0091
0.1425 0.0665 0.0081
0.1475 0.0798 0.0086
0.1525 0.0778 0.0084
0.1575 0.0932 0.0090
0.1625 0.0886 0.0086
0.1675 0.0983 0.0089
0.1725 0.1232 0.0097
0.1775 0.1299 0.0099
0.1825 0.1487 0.0104
0.1875 0.1725 0.0109
0.1925 0.4586 0.0177
0.1975 2.4022 0.0400
0.2025 2.8103 0.0422
0.2075 0.7636 0.0218
0.2125 0.2735 0.0129
0.2175 0.2266 0.0116
0.2225 0.2289 0.0115
0.2275 0.1922 0.0104
0.2325 0.1728 0.0097
0.2375 0.1637 0.0094
0.2425 0.1555 0.0090
0.2475 0.1413 0.0085
0.2525 0.1247 0.0079
0.2575 0.1363 0.0082
0.2625 0.1277 0.0078
0.2675 0.1207 0.0075
0.2725 0.1096 0.0071
0.2775 0.1187 0.0074
0.2825 0.1282 0.0075
0.2875 0.1080 0.0068
0.2925 0.1091 0.0068
0.2975 0.1006 0.0065
0.3025 0.1131 0.0068
0.3075 0.1030 0.0065
0.3125 0.0986 0.0064
0.3175 0.1117 0.0068
0.3225 0.0961 0.0064
0.3275 0.0943 0.0063
0.3325 0.0945 0.0063
0.3375 0.0908 0.0062
0.3425 0.0930 0.0062
0.3475 0.0931 0.0061
0.3525 0.0884 0.0058
0.3575 0.0932 0.0059
0.3625 0.0938 0.0059
0.3675 0.0903 0.0057
0.3725 0.0888 0.0056
0.3775 0.0888 0.0055
0.3825 0.0855 0.0054
0.3875 0.0943 0.0056
0.3925 0.0824 0.0052
0.3975 0.0829 0.0051
0.4025 0.0829 0.0051
0.4075 0.0861 0.0052
0.4125 0.0916 0.0053
0.4175 0.0860 0.0051
0.4225 0.0779 0.0048
0.4275 0.0870 0.0050
0.4325 0.0912 0.0051
0.4375 0.0775 0.0047
0.4425 0.0775 0.0046
0.4475 0.0831 0.0048
0.4525 0.0808 0.0047
0.4575 0.0882 0.0049
0.4625 0.0918 0.0051
0.4675 0.0852 0.0049
0.4725 0.0893 0.0050
0.4775 0.0845 0.0049
0.4825 0.0913 0.0051
0.4875 0.0794 0.0048
0.4925 0.0767 0.0046
0.4975 0.0797 0.0046
0.5025 0.0856 0.0047
0.5075 0.0728 0.0043
0.5125 0.0783 0.0045
0.5175 0.0844 0.0046
0.5225 0.0848 0.0046
0.5275 0.0735 0.0042
0.5325 0.0761 0.0043
0.5375 0.0688 0.0040
0.5425 0.0774 0.0043
0.5475 0.0743 0.0041
0.5525 0.0761 0.0042
0.5575 0.0705 0.0040
0.5625 0.0778 0.0041
0.5675 0.0828 0.0043
0.5725 0.0874 0.0044
0.5775 0.0795 0.0041
0.5825 0.0760 0.0040
0.5875 0.0748 0.0040
0.5925 0.0771 0.0040
0.5975 0.0767 0.0040
0.6025 0.0738 0.0039
0.6075 0.0748 0.0039
0.6125 0.0741 0.0040
0.6175 0.0804 0.0042
0.6225 0.0863 0.0044
0.6275 0.0834 0.0043
0.6325 0.0897 0.0045
0.6375 0.0872 0.0044
0.6425 0.0800 0.0042
0.6475 0.0829 0.0043
0.6525 0.0806 0.0042
0.6575 0.0849 0.0043
0.6625 0.0753 0.0041
0.6675 0.0827 0.0043
0.6725 0.0939 0.0046
0.6775 0.0826 0.0043
0.6825 0.0822 0.0043
0.6875 0.0865 0.0044
0.6925 0.0854 0.0044
0.6975 0.0908 0.0046
0.7025 0.0905 0.0046
0.7075 0.0977 0.0047
0.7125 0.0893 0.0045
0.7175 0.0879 0.0045
0.7225 0.0910 0.0046
0.7275 0.0880 0.0045
0.7325 0.0956 0.0047
0.7375 0.1052 0.0049
0.7425 0.0957 0.0047
0.7475 0.0915 0.0046
0.7525 0.0982 0.0048
0.7575 0.0979 0.0048
0.7625 0.0971 0.0048
0.7675 0.0899 0.0046
0.7725 0.0984 0.0048
0.7775 0.0988 0.0048
0.7825 0.0957 0.0048
0.7875 0.0904 0.0046
0.7925 0.0915 0.0046
0.7975 0.0988 0.0048
0.8025 0.1093 0.0051
0.8075 0.0991 0.0048
0.8125 0.1012 0.0049
0.8175 0.1115 0.0051
0.8225 0.1132 0.0052
0.8275 0.1008 0.0049
0.8325 0.1046 0.0049
0.8375 0.0981 0.0048
0.8425 0.0948 0.0047
0.8475 0.1158 0.0053
0.8525 0.1021 0.0052
0.8575 0.0988 0.0053
0.8625 0.1045 0.0055
0.8675 0.1154 0.0059
0.8725 0.1057 0.0057
0.8775 0.1042 0.0058
0.8825 0.1068 0.0057
0.8875 0.1120 0.0058
0.8925 0.1019 0.0055
0.8975 0.1069 0.0056
0.9025 0.1079 0.0056
0.9075 0.1076 0.0056
0.9125 0.1114 0.0057
0.9175 0.1106 0.0057
0.9225 0.1079 0.0056
0.9275 0.1149 0.0058
0.9325 0.1217 0.0059
0.9375 0.1099 0.0056
0.9425 0.1304 0.0061
0.9475 0.1124 0.0057
0.9525 0.1260 0.0060
0.9575 0.1255 0.0060
0.9625 0.1220 0.0059
0.9675 0.1247 0.0061
0.9725 0.1178 0.0058
0.9775 0.1161 0.0059
0.9825 0.1233 0.0061
0.9875 0.1201 0.0060
0.9925 0.1176 0.0060
0.9975 0.1216 0.0061
1.0025 0.1345 0.0064
1.0075 0.1267 0.0063
1.0125 0.1246 0.0062
1.0175 0.1258 0.0063
1.0225 0.1325 0.0065
1.0275 0.1277 0.0064
1.0325 0.1325 0.0065
1.0375 0.1334 0.0065
1.0425 0.1287 0.0064
1.0475 0.1218 0.0063
1.0525 0.1286 0.0064
1.0575 0.1358 0.0066
1.0625 0.1363 0.0066
1.0675 0.1420 0.0067
1.0725 0.1404 0.0067
1.0775 0.1412 0.0067
1.0825 0.1447 0.0068
1.0875 0.1364 0.0066
1.0925 0.1550 0.0071
1.0975 0.1433 0.0068
1.1025 0.1449 0.0068
1.1075 0.1543 0.0070
1.1125 0.1447 0.0068
1.1175 0.1548 0.0071
1.1225 0.1536 0.0071
1.1275 0.1561 0.0071
1.1325 0.1498 0.0070
1.1375 0.1711 0.0075
1.1425 0.1771 0.0076
1.1475 0.1644 0.0073
1.1525 0.1661 0.0073
1.1575 0.1612 0.0073
1.1625 0.1751 0.0075
1.1675 0.1995 0.0081
1.1725 0.1917 0.0079
1.1775 0.1856 0.0078
1.1825 0.1863 0.0078
1.1875 0.1821 0.0077
1.1925 0.1739 0.0075
1.1975 0.1772 0.0075
