0.0525 0.0974 0.0155
0.0575 0.1036 0.0166
0.0625 0.0828 0.0157
0.0675 0.0543 0.0132
0.0725 0.0748 0.0148
0.0775 0.0546 0.0117
0.0825 0.0697 0.0129
0.0875 0.0663 0.0119
0.0925 0.0578 0.0106
0.0975 0.0582 0.0098
0.1025 0.0692 0.0102
0.1075 0.0628 0.0094
0.1125 0.0534 0.0084
0.1175 0.0703 0.0094
0.1225 0.0742 0.0095
0.1275 0.0583 0.0081
0.1325 0.0992 0.0103
0.1375 0.0855 0.0094
0.1425 0.0696 0.0083
0.1475 0.0867 0.0090
0.1525 0.0941 0.0092
0.1575 0.1050 0.0095
0.1625 0.1119 0.0097
0.1675 0.1257 0.0100
0.1725 0.1211 0.0096
0.1775 0.1607 0.0110
0.1825 0.2191 0.0126
0.1875 0.2344 0.0128
0.1925 0.6979 0.0219
0.1975 1.8990 0.0356
0.2025 2.1568 0.0370
0.2075 0.5014 0.0177
0.2125 0.3291 0.0141
0.2175 0.2932 0.0132
0.2225 0.2394 0.0117
0.2275 0.2149 0.0110
0.2325 0.1914 0.0103
0.2375 0.2021 0.0104
0.2425 0.1837 0.0098
0.2475 0.1595 0.0090
0.2525 0.1359 0.0082
0.2575 0.1360 0.0081
0.2625 0.1436 0.0083
0.2675 0.1150 0.0073
0.2725 0.1136 0.0072
0.2775 0.1224 0.0075
0.2825 0.1250 0.0074
0.2875 0.1196 0.0072
0.2925 0.1098 0.0068
0.2975 0.1036 0.0066
0.3025 0.1200 0.0070
0.3075 0.1055 0.0065
0.3125 0.1078 0.0067
0.3175 0.1000 0.0065
0.3225 0.1092 0.0068
0.3275 0.1018 0.0065
0.3325 0.1123 0.0069
0.3375 0.0984 0.0064
0.3425 0.0915 0.0062
0.3475 0.0916 0.0060
0.3525 0.1108 0.0065
0.3575 0.1014 0.0062
0.3625 0.0906 0.0058
0.3675 0.0905 0.0057
0.3725 0.0853 0.0055
0.3775 0.0950 0.0057
0.3825 0.0898 0.0055
0.3875 0.0825 0.0052
0.3925 0.0934 0.0055
0.3975 0.0966 0.0056
0.4025 0.0916 0.0054
0.4075 0.0944 0.0054
0.4125 0.0984 0.0055
0.4175 0.0894 0.0052
0.4225 0.0937 0.0052
0.4275 0.0924 0.0052
0.4325 0.0719 0.0045
0.4375 0.0824 0.0048
0.4425 0.0899 0.0050
0.4475 0.0802 0.0047
0.4525 0.0907 0.0049
0.4575 0.0924 0.0050
0.4625 0.0921 0.0051
0.4675 0.0900 0.0050
0.4725 0.0856 0.0049
0.4775 0.0848 0.0049
0.4825 0.0855 0.0049
0.4875 0.0848 0.0049
0.4925 0.0813 0.0048
0.4975 0.0846 0.0048
0.5025 0.0819 0.0046
0.5075 0.0827 0.0046
0.5125 0.0862 0.0047
0.5175 0.0722 0.0043
0.5225 0.0726 0.0042
0.5275 0.0786 0.0044
0.5325 0.0765 0.0043
0.5375 0.0758 0.0042
0.5425 0.0720 0.0041
0.5475 0.0805 0.0043
0.5525 0.0798 0.0043
0.5575 0.0800 0.0043
0.5625 0.0834 0.0043
0.5675 0.0860 0.0044
0.5725 0.0890 0.0044
0.5775 0.0786 0.0041
0.5825 0.0842 0.0042
0.5875 0.0818 0.0041
0.5925 0.0829 0.0042
0.5975 0.0790 0.0040
0.6025 0.0785 0.0040
0.6075 0.0860 0.0042
0.6125 0.0869 0.0043
0.6175 0.0903 0.0045
0.6225 0.0853 0.0043
0.6275 0.0865 0.0044
0.6325 0.0869 0.0044
0.6375 0.0856 0.0044
0.6425 0.0865 0.0044
0.6475 0.0877 0.0044
0.6525 0.0851 0.0044
0.6575 0.0829 0.0043
0.6625 0.0932 0.0046
0.6675 0.0861 0.0044
0.6725 0.0800 0.0042
0.6775 0.0859 0.0044
0.6825 0.0856 0.0044
0.6875 0.0951 0.0047
0.6925 0.0872 0.0045
0.6975 0.1021 0.0048
0.7025 0.0919 0.0046
0.7075 0.0840 0.0044
0.7125 0.0904 0.0046
0.7175 0.0929 0.0046
0.7225 0.0883 0.0045
0.7275 0.0920 0.0046
0.7325 0.0950 0.0047
0.7375 0.1018 0.0048
0.7425 0.0987 0.0048
0.7475 0.0912 0.0046
0.7525 0.1029 0.0049
0.7575 0.0949 0.0047
0.7625 0.0909 0.0047
0.7675 0.0959 0.0048
0.7725 0.1026 0.0049
0.7775 0.1007 0.0049
0.7825 0.0985 0.0048
0.7875 0.1065 0.0050
0.7925 0.0997 0.0048
0.7975 0.0984 0.0048
0.8025 0.1114 0.0051
0.8075 0.1029 0.0049
0.8125 0.1023 0.0049
0.8175 0.1054 0.0050
0.8225 0.1031 0.0049
0.8275 0.1025 0.0049
0.8325 0.1147 0.0052
0.8375 0.0997 0.0048
0.8425 0.1021 0.0049
0.8475 0.1114 0.0052
0.8525 0.1038 0.0052
0.8575 0.1076 0.0055
0.8625 0.1073 0.0056
0.8675 0.1075 0.0057
0.8725 0.1079 0.0058
0.8775 0.0957 0.0055
0.8825 0.1100 0.0058
0.8875 0.1097 0.0057
0.8925 0.1251 0.0061
0.8975 0.1100 0.0057
0.9025 0.1106 0.0057
0.9075 0.1216 0.0059
0.9125 0.1136 0.0057
0.9175 0.1158 0.0058
0.9225 0.1214 0.0059
0.9275 0.1131 0.0057
0.9325 0.1160 0.0058
0.9375 0.1223 0.0059
0.9425 0.1225 0.0059
0.9475 0.1207 0.0059
0.9525 0.1289 0.0061
0.9575 0.1203 0.0059
0.9625 0.1241 0.0059
0.9675 0.1314 0.0062
0.9725 0.1178 0.0058
0.9775 0.1294 0.0062
0.9825 0.1450 0.0066
0.9875 0.1321 0.0063
0.9925 0.1349 0.0064
0.9975 0.1284 0.0063
1.0025 0.1414 0.0066
1.0075 0.1335 0.0064
1.0125 0.1340 0.0065
1.0175 0.1284 0.0063
1.0225 0.1287 0.0064
1.0275 0.1353 0.0065
1.0325 0.1427 0.0067
1.0375 0.1366 0.0066
1.0425 0.1435 0.0068
1.0475 0.1343 0.0066
1.0525 0.1379 0.0066
1.0575 0.1391 0.0067
1.0625 0.1507 0.0069
1.0675 0.1450 0.0068
1.0725 0.1577 0.0071
1.0775 0.1583 0.0071
1.0825 0.1579 0.0071
1.0875 0.1474 0.0069
1.0925 0.1521 0.0070
1.0975 0.1520 0.0070
1.1025 0.1464 0.0068
1.1075 0.1617 0.0072
1.1125 0.1582 0.0072
1.1175 0.1657 0.0073
1.1225 0.1596 0.0072
1.1275 0.1774 0.0076
1.1325 0.1666 0.0074
1.1375 0.1656 0.0073
1.1425 0.1780 0.0076
1.1475 0.1708 0.0074
1.1525 0.1728 0.0075
1.1575 0.1652 0.0073
1.1625 0.1533 0.0071
1.1675 0.1898 0.0079
1.1725 0.1766 0.0076
1.1775 0.1906 0.0079
1.1825 0.1855 0.0078
1.1875 0.2124 0.0083
1.1925 0.1915 0.0079
1.1975 0.1974 0.0080
