0.0525 0.0904 0.0149
0.0575 0.0737 0.0140
0.0625 0.0587 0.0132
0.0675 0.0758 0.0156
0.0725 0.0651 0.0138
0.0775 0.0699 0.0133
0.0825 0.0552 0.0115
0.0875 0.0619 0.0115
0.0925 0.0656 0.0113
0.0975 0.0456 0.0087
0.1025 0.0562 0.0092
0.1075 0.0559 0.0089
0.1125 0.0744 0.0100
0.1175 0.0623 0.0089
0.1225 0.0648 0.0088
0.1275 0.0775 0.0094
0.1325 0.0754 0.0090
0.1375 0.0876 0.0095
0.1425 0.1097 0.0104
0.1475 0.0810 0.0087
0.1525 0.1005 0.0095
0.1575 0.1186 0.0101
0.1625 0.1394 0.0108
0.1675 0.1382 0.0105
0.1725 0.1584 0.0110
0.1775 0.1938 0.0121
0.1825 0.2491 0.0134
0.1875 0.3571 0.0157
0.1925 0.4959 0.0184
0.1975 0.5557 0.0193
0.2025 0.5808 0.0192
0.2075 0.4778 0.0173
0.2125 0.3527 0.0146
0.2175 0.3188 0.0138
0.2225 0.2606 0.0122
0.2275 0.2211 0.0111
0.2325 0.2207 0.0110
0.2375 0.1900 0.0101
0.2425 0.1738 0.0095
0.2475 0.1672 0.0092
0.2525 0.1571 0.0089
0.2575 0.1559 0.0087
0.2625 0.1439 0.0083
0.2675 0.1435 0.0082
0.2725 0.1427 0.0081
0.2775 0.1230 0.0075
0.2825 0.1148 0.0071
0.2875 0.1157 0.0070
0.2925 0.1092 0.0068
0.2975 0.1141 0.0069
0.3025 0.1122 0.0068
0.3075 0.1142 0.0068
0.3125 0.0967 0.0064
0.3175 0.1118 0.0069
0.3225 0.1054 0.0067
0.3275 0.1064 0.0067
0.3325 0.1045 0.0066
0.3375 0.0993 0.0065
0.3425 0.1080 0.0067
0.3475 0.0953 0.0061
0.3525 0.1022 0.0063
0.3575 0.0885 0.0058
0.3625 0.1028 0.0061
0.3675 0.0967 0.0059
0.3725 0.1035 0.0060
0.3775 0.0953 0.0057
0.3825 0.1087 0.0061
0.3875 0.0869 0.0054
0.3925 0.0850 0.0053
0.3975 0.0879 0.0053
0.4025 0.0959 0.0055
0.4075 0.0922 0.0053
0.4125 0.0935 0.0053
0.4175 0.0884 0.0051
0.4225 0.0899 0.0051
0.4275 0.0882 0.0050
0.4325 0.0801 0.0048
0.4375 0.0931 0.0051
0.4425 0.0905 0.0050
0.4475 0.0865 0.0049
0.4525 0.0880 0.0049
0.4575 0.0973 0.0052
0.4625 0.0910 0.0050
0.4675 0.0812 0.0048
0.4725 0.0913 0.0051
0.4775 0.0841 0.0049
0.4825 0.0869 0.0050
0.4875 0.0860 0.0050
0.4925 0.0876 0.0049
0.4975 0.0934 0.0050
0.5025 0.0944 0.0050
0.5075 0.0935 0.0049
0.5125 0.0878 0.0047
0.5175 0.0797 0.0045
0.5225 0.0784 0.0044
0.5275 0.0807 0.0044
0.5325 0.0749 0.0042
0.5375 0.0825 0.0044
0.5425 0.0750 0.0042
0.5475 0.0790 0.0043
0.5525 0.0748 0.0041
0.5575 0.0878 0.0045
0.5625 0.0887 0.0044
0.5675 0.0813 0.0042
0.5725 0.0792 0.0042
0.5775 0.0831 0.0042
0.5825 0.0775 0.0041
0.5875 0.0919 0.0044
0.5925 0.0864 0.0042
0.5975 0.0834 0.0041
0.6025 0.0870 0.0042
0.6075 0.0895 0.0043
0.6125 0.0843 0.0043
0.6175 0.0855 0.0043
0.6225 0.0841 0.0043
0.6275 0.0814 0.0043
0.6325 0.0835 0.0043
0.6375 0.0874 0.0044
0.6425 0.0939 0.0046
0.6475 0.0781 0.0042
0.6525 0.0906 0.0045
0.6575 0.0911 0.0045
0.6625 0.1015 0.0047
0.6675 0.0869 0.0044
0.6725 0.0896 0.0045
0.6775 0.0995 0.0047
0.6825 0.0890 0.0045
0.6875 0.0905 0.0045
0.6925 0.0959 0.0047
0.6975 0.0928 0.0046
0.7025 0.0922 0.0046
0.7075 0.0849 0.0044
0.7125 0.0882 0.0045
0.7175 0.0918 0.0046
0.7225 0.1029 0.0049
0.7275 0.0984 0.0048
0.7325 0.0869 0.0045
0.7375 0.0926 0.0046
0.7425 0.1093 0.0050
0.7475 0.1018 0.0049
0.7525 0.1020 0.0049
0.7575 0.0969 0.0048
0.7625 0.1047 0.0050
0.7675 0.1029 0.0049
0.7725 0.1137 0.0052
0.7775 0.0947 0.0047
0.7825 0.1040 0.0050
0.7875 0.1074 0.0050
0.7925 0.1089 0.0051
0.7975 0.1015 0.0049
0.8025 0.0980 0.0048
0.8075 0.1151 0.0052
0.8125 0.1100 0.0051
0.8175 0.1033 0.0049
0.8225 0.1042 0.0049
0.8275 0.1070 0.0050
0.8325 0.1137 0.0052
0.8375 0.1141 0.0052
0.8425 0.1078 0.0050
0.8475 0.0987 0.0049
0.8525 0.1101 0.0054
0.8575 0.1110 0.0056
0.8625 0.1107 0.0057
0.8675 0.1108 0.0058
0.8725 0.1214 0.0061
0.8775 0.1144 0.0060
0.8825 0.1181 0.0060
0.8875 0.1046 0.0056
0.8925 0.1210 0.0060
0.8975 0.1235 0.0060
0.9025 0.1110 0.0057
0.9075 0.1177 0.0058
0.9125 0.1212 0.0059
0.9175 0.1175 0.0058
0.9225 0.1237 0.0060
0.9275 0.1126 0.0057
0.9325 0.1274 0.0060
0.9375 0.1220 0.0059
0.9425 0.1276 0.0061
0.9475 0.1324 0.0062
0.9525 0.1234 0.0060
0.9575 0.1158 0.0057
0.9625 0.1265 0.0060
0.9675 0.1371 0.0064
0.9725 0.1295 0.0061
0.9775 0.1260 0.0061
0.9825 0.1297 0.0062
0.9875 0.1316 0.0063
0.9925 0.1353 0.0064
0.9975 0.1341 0.0064
1.0025 0.1286 0.0063
1.0075 0.1410 0.0066
1.0125 0.1390 0.0066
1.0175 0.1336 0.0065
1.0225 0.1413 0.0067
1.0275 0.1468 0.0068
1.0325 0.1459 0.0068
1.0375 0.1376 0.0066
1.0425 0.1558 0.0070
1.0475 0.1341 0.0066
1.0525 0.1319 0.0065
1.0575 0.1435 0.0068
1.0625 0.1480 0.0069
1.0675 0.1440 0.0068
1.0725 0.1581 0.0071
1.0775 0.1579 0.0071
1.0825 0.1416 0.0067
1.0875 0.1490 0.0069
1.0925 0.1484 0.0069
1.0975 0.1590 0.0071
1.1025 0.1503 0.0069
1.1075 0.1631 0.0072
1.1125 0.1701 0.0074
1.1175 0.1645 0.0073
1.1225 0.1648 0.0073
1.1275 0.1636 0.0073
1.1325 0.1737 0.0075
1.1375 0.1688 0.0074
1.1425 0.1653 0.0073
1.1475 0.1771 0.0076
1.1525 0.1766 0.0076
1.1575 0.1800 0.0077
1.1625 0.1676 0.0074
1.1675 0.1731 0.0075
1.1725 0.1867 0.0078
1.1775 0.1939 0.0080
1.1825 0.1838 0.0078
1.1875 0.1852 0.0077
1.1925 0.1975 0.0080
1.1975 0.1883 0.0078
