0.0525 0.0976 0.0155
0.0575 0.1059 0.0168
0.0625 0.0737 0.0148
0.0675 0.0605 0.0139
0.0725 0.0492 0.0120
0.0775 0.0941 0.0154
0.0825 0.0475 0.0107
0.0875 0.0683 0.0121
0.0925 0.0426 0.0091
0.0975 0.0431 0.0085
0.1025 0.0443 0.0081
0.1075 0.0477 0.0082
0.1125 0.0666 0.0094
0.1175 0.0364 0.0068
0.1225 0.0372 0.0067
0.1275 0.0382 0.0066
0.1325 0.0508 0.0074
0.1375 0.0409 0.0065
0.1425 0.0460 0.0067
0.1475 0.0694 0.0080
0.1525 0.0716 0.0080
0.1575 0.0627 0.0074
0.1625 0.0664 0.0074
0.1675 0.0624 0.0071
0.1725 0.1033 0.0089
0.1775 0.0880 0.0082
0.1825 0.1324 0.0098
0.1875 0.1708 0.0109
0.1925 0.4371 0.0173
0.1975 1.5527 0.0322
0.2025 2.3685 0.0387
0.2075 2.0160 0.0355
0.2125 1.1803 0.0268
0.2175 0.6741 0.0200
0.2225 0.4077 0.0153
0.2275 0.2879 0.0127
0.2325 0.2213 0.0110
0.2375 0.1266 0.0082
0.2425 0.0992 0.0072
0.2475 0.0730 0.0061
0.2525 0.0768 0.0062
0.2575 0.0765 0.0061
0.2625 0.0577 0.0053
0.2675 0.0755 0.0059
0.2725 0.1322 0.0078
0.2775 0.4246 0.0139
0.2825 0.4505 0.0141
0.2875 0.2172 0.0097
0.2925 0.1280 0.0074
0.2975 0.0991 0.0064
0.3025 0.0746 0.0055
0.3075 0.0693 0.0053
0.3125 0.0570 0.0049
0.3175 0.0549 0.0048
0.3225 0.0587 0.0050
0.3275 0.0511 0.0046
0.3325 0.0492 0.0045
0.3375 0.0388 0.0040
0.3425 0.0438 0.0043
0.3475 0.0448 0.0042
0.3525 0.0489 0.0043
0.3575 0.0486 0.0043
0.3625 0.0527 0.0044
0.3675 0.0487 0.0042
0.3725 0.0465 0.0040
0.3775 0.0498 0.0041
0.3825 0.0546 0.0043
0.3875 0.0587 0.0044
0.3925 0.0685 0.0047
0.3975 0.0912 0.0054
0.4025 0.1073 0.0058
0.4075 0.1108 0.0058
0.4125 0.0969 0.0054
0.4175 0.0802 0.0049
0.4225 0.0811 0.0049
0.4275 0.0699 0.0045
0.4325 0.0638 0.0043
0.4375 0.0579 0.0040
0.4425 0.0605 0.0041
0.4475 0.0609 0.0041
0.4525 0.0680 0.0043
0.4575 0.0541 0.0039
0.4625 0.0508 0.0038
0.4675 0.0532 0.0039
0.4725 0.0501 0.0038
0.4775 0.0487 0.0037
0.4825 0.0514 0.0038
0.4875 0.0613 0.0042
0.4925 0.0557 0.0039
0.4975 0.0520 0.0037
0.5025 0.0456 0.0035
0.5075 0.0570 0.0038
0.5125 0.0548 0.0037
0.5175 0.0529 0.0036
0.5225 0.0570 0.0037
0.5275 0.0513 0.0035
0.5325 0.0453 0.0033
0.5375 0.0600 0.0038
0.5425 0.0465 0.0033
0.5475 0.0537 0.0035
0.5525 0.0532 0.0035
0.5575 0.0526 0.0034
0.5625 0.0479 0.0033
0.5675 0.0542 0.0035
0.5725 0.0537 0.0034
0.5775 0.0526 0.0034
0.5825 0.0448 0.0031
0.5875 0.0530 0.0033
0.5925 0.0539 0.0034
0.5975 0.0604 0.0035
0.6025 0.0549 0.0034
0.6075 0.0543 0.0034
0.6125 0.0617 0.0037
0.6175 0.0656 0.0038
0.6225 0.0736 0.0040
0.6275 0.0809 0.0042
0.6325 0.0717 0.0040
0.6375 0.0627 0.0037
0.6425 0.0678 0.0039
0.6475 0.0590 0.0036
0.6525 0.0606 0.0037
0.6575 0.0604 0.0037
0.6625 0.0654 0.0038
0.6675 0.0608 0.0037
0.6725 0.0623 0.0037
0.6775 0.0616 0.0037
0.6825 0.0650 0.0038
0.6875 0.0659 0.0039
0.6925 0.0680 0.0039
0.6975 0.0625 0.0038
0.7025 0.0613 0.0037
0.7075 0.0687 0.0040
0.7125 0.0623 0.0038
0.7175 0.0675 0.0039
0.7225 0.0583 0.0037
0.7275 0.0565 0.0036
0.7325 0.0622 0.0038
0.7375 0.0721 0.0040
0.7425 0.0621 0.0038
0.7475 0.0634 0.0039
0.7525 0.0613 0.0038
0.7575 0.0704 0.0041
0.7625 0.0579 0.0037
0.7675 0.0741 0.0042
0.7725 0.0656 0.0040
0.7775 0.0766 0.0043
0.7825 0.0652 0.0039
0.7875 0.0695 0.0040
0.7925 0.0655 0.0039
0.7975 0.0668 0.0040
0.8025 0.0784 0.0043
0.8075 0.0737 0.0042
0.8125 0.0810 0.0044
0.8175 0.0982 0.0048
0.8225 0.1213 0.0053
0.8275 0.1161 0.0052
0.8325 0.0949 0.0047
0.8375 0.0759 0.0042
0.8425 0.0793 0.0043
0.8475 0.0801 0.0044
0.8525 0.0729 0.0044
0.8575 0.0743 0.0046
0.8625 0.0770 0.0047
0.8675 0.0832 0.0050
0.8725 0.0832 0.0051
0.8775 0.0840 0.0052
0.8825 0.0828 0.0050
0.8875 0.0884 0.0052
0.8925 0.0843 0.0050
0.8975 0.0835 0.0050
0.9025 0.0836 0.0050
0.9075 0.0965 0.0053
0.9125 0.0828 0.0049
0.9175 0.0859 0.0050
0.9225 0.0918 0.0052
0.9275 0.0782 0.0048
0.9325 0.0901 0.0051
0.9375 0.0791 0.0048
0.9425 0.0972 0.0053
0.9475 0.0904 0.0051
0.9525 0.0948 0.0052
0.9575 0.0811 0.0048
0.9625 0.0889 0.0050
0.9675 0.0918 0.0052
0.9725 0.0834 0.0049
0.9775 0.0790 0.0048
0.9825 0.0925 0.0053
0.9875 0.0859 0.0051
0.9925 0.0999 0.0055
0.9975 0.0886 0.0052
1.0025 0.0892 0.0052
1.0075 0.0924 0.0054
1.0125 0.0934 0.0054
1.0175 0.1022 0.0057
1.0225 0.1027 0.0057
1.0275 0.1023 0.0057
1.0325 0.0963 0.0055
1.0375 0.1036 0.0057
1.0425 0.0994 0.0056
1.0475 0.0853 0.0052
1.0525 0.0964 0.0056
1.0575 0.1002 0.0057
1.0625 0.0957 0.0055
1.0675 0.1006 0.0057
1.0725 0.1045 0.0058
1.0775 0.1001 0.0056
1.0825 0.0958 0.0055
1.0875 0.1095 0.0059
1.0925 0.1039 0.0058
1.0975 0.1113 0.0060
1.1025 0.1073 0.0059
1.1075 0.1076 0.0059
1.1125 0.1152 0.0061
1.1175 0.1145 0.0061
1.1225 0.1151 0.0061
1.1275 0.1205 0.0062
1.1325 0.1225 0.0063
1.1375 0.1212 0.0063
1.1425 0.1060 0.0059
1.1475 0.1226 0.0063
1.1525 0.1288 0.0065
1.1575 0.1186 0.0062
1.1625 0.1286 0.0065
1.1675 0.1259 0.0064
1.1725 0.1356 0.0067
1.1775 0.1391 0.0068
1.1825 0.1468 0.0069
1.1875 0.1508 0.0070
1.1925 0.1395 0.0067
1.1975 0.1387 0.0067
