0.0525 0.0830 0.0143
0.0575 0.0662 0.0133
0.0625 0.0649 0.0139
0.0675 0.0578 0.0136
0.0725 0.0732 0.0147
0.0775 0.0547 0.0117
0.0825 0.0719 0.0131
0.0875 0.0530 0.0107
0.0925 0.0664 0.0114
0.0975 0.0743 0.0111
0.1025 0.0682 0.0101
0.1075 0.0669 0.0097
0.1125 0.0532 0.0084
0.1175 0.0516 0.0081
0.1225 0.0565 0.0083
0.1275 0.0742 0.0092
0.1325 0.0604 0.0080
0.1375 0.0661 0.0082
0.1425 0.0686 0.0082
0.1475 0.0773 0.0085
0.1525 0.0930 0.0091
0.1575 0.0850 0.0086
0.1625 0.1170 0.0099
0.1675 0.0937 0.0087
0.1725 0.1244 0.0097
0.1775 0.1388 0.0103
0.1825 0.1719 0.0112
0.1875 0.1988 0.0118
0.1925 0.4942 0.0184
0.1975 2.3043 0.0392
0.2025 2.6686 0.0411
0.2075 0.6308 0.0198
0.2125 0.2771 0.0130
0.2175 0.2325 0.0118
0.2225 0.2361 0.0116
0.2275 0.2156 0.0110
0.2325 0.1793 0.0099
0.2375 0.1442 0.0088
0.2425 0.1707 0.0094
0.2475 0.1561 0.0089
0.2525 0.1403 0.0084
0.2575 0.1291 0.0079
0.2625 0.1203 0.0076
0.2675 0.1222 0.0076
0.2725 0.1122 0.0072
0.2775 0.1071 0.0070
0.2825 0.1147 0.0071
0.2875 0.1121 0.0069
0.2925 0.1020 0.0066
0.2975 0.0954 0.0063
0.3025 0.1025 0.0065
0.3075 0.0975 0.0063
0.3125 0.0968 0.0064
0.3175 0.1056 0.0067
0.3225 0.0920 0.0062
0.3275 0.0891 0.0061
0.3325 0.1008 0.0065
0.3375 0.0931 0.0063
0.3425 0.0918 0.0062
0.3475 0.0966 0.0062
0.3525 0.0944 0.0060
0.3575 0.0916 0.0059
0.3625 0.0947 0.0059
0.3675 0.0857 0.0055
0.3725 0.0977 0.0059
0.3775 0.0942 0.0057
0.3825 0.0854 0.0054
0.3875 0.0919 0.0055
0.3925 0.0830 0.0052
0.3975 0.0832 0.0052
0.4025 0.0956 0.0055
0.4075 0.0892 0.0052
0.4125 0.0863 0.0051
0.4175 0.0899 0.0052
0.4225 0.0946 0.0053
0.4275 0.0899 0.0051
0.4325 0.0814 0.0048
0.4375 0.0741 0.0046
0.4425 0.0847 0.0048
0.4475 0.0780 0.0046
0.4525 0.0827 0.0047
0.4575 0.0800 0.0047
0.4625 0.0857 0.0049
0.4675 0.0867 0.0049
0.4725 0.0815 0.0048
0.4775 0.0808 0.0048
0.4825 0.0795 0.0048
0.4875 0.0782 0.0047
0.4925 0.0629 0.0042
0.4975 0.0851 0.0048
0.5025 0.0806 0.0046
0.5075 0.0797 0.0045
0.5125 0.0837 0.0046
0.5175 0.0920 0.0048
0.5225 0.0720 0.0042
0.5275 0.0896 0.0047
0.5325 0.0778 0.0043
0.5375 0.0841 0.0044
0.5425 0.0873 0.0045
0.5475 0.0735 0.0041
0.5525 0.0764 0.0042
0.5575 0.0729 0.0041
0.5625 0.0804 0.0042
0.5675 0.0798 0.0042
0.5725 0.0774 0.0041
0.5775 0.0788 0.0041
0.5825 0.0854 0.0043
0.5875 0.0866 0.0043
0.5925 0.0736 0.0039
0.5975 0.0760 0.0040
0.6025 0.0761 0.0040
0.6075 0.0797 0.0041
0.6125 0.0834 0.0043
0.6175 0.0788 0.0042
0.6225 0.0921 0.0045
0.6275 0.0910 0.0045
0.6325 0.0855 0.0044
0.6375 0.0784 0.0042
0.6425 0.0930 0.0046
0.6475 0.0806 0.0042
0.6525 0.0866 0.0044
0.6575 0.0813 0.0043
0.6625 0.0875 0.0044
0.6675 0.0787 0.0042
0.6725 0.0923 0.0045
0.6775 0.0842 0.0043
0.6825 0.0908 0.0045
0.6875 0.0875 0.0045
0.6925 0.0969 0.0047
0.6975 0.0929 0.0046
0.7025 0.0847 0.0044
0.7075 0.0880 0.0045
0.7125 0.0895 0.0045
0.7175 0.0791 0.0043
0.7225 0.0862 0.0044
0.7275 0.0937 0.0046
0.7325 0.1005 0.0048
0.7375 0.0990 0.0047
0.7425 0.0904 0.0046
0.7475 0.0895 0.0046
0.7525 0.0882 0.0046
0.7575 0.1001 0.0049
0.7625 0.0986 0.0048
0.7675 0.0913 0.0047
0.7725 0.0989 0.0048
0.7775 0.1006 0.0049
0.7825 0.0972 0.0048
0.7875 0.0984 0.0048
0.7925 0.0954 0.0047
0.7975 0.1061 0.0050
0.8025 0.1023 0.0049
0.8075 0.1078 0.0050
0.8125 0.0984 0.0048
0.8175 0.0968 0.0048
0.8225 0.0984 0.0048
0.8275 0.1025 0.0049
0.8325 0.1004 0.0048
0.8375 0.1023 0.0049
0.8425 0.1048 0.0049
0.8475 0.1168 0.0054
0.8525 0.1051 0.0053
0.8575 0.1111 0.0056
0.8625 0.1093 0.0056
0.8675 0.1140 0.0059
0.8725 0.1109 0.0059
0.8775 0.1187 0.0061
0.8825 0.1049 0.0057
0.8875 0.1111 0.0058
0.8925 0.1034 0.0055
0.8975 0.1059 0.0056
0.9025 0.1281 0.0061
0.9075 0.1087 0.0056
0.9125 0.1106 0.0057
0.9175 0.1225 0.0060
0.9225 0.1147 0.0058
0.9275 0.1047 0.0055
0.9325 0.1141 0.0057
0.9375 0.1241 0.0060
0.9425 0.1302 0.0061
0.9475 0.1241 0.0060
0.9525 0.1228 0.0059
0.9575 0.1229 0.0059
0.9625 0.1290 0.0060
0.9675 0.1161 0.0059
0.9725 0.1256 0.0060
0.9775 0.1184 0.0059
0.9825 0.1255 0.0061
0.9875 0.1347 0.0064
0.9925 0.1275 0.0062
0.9975 0.1268 0.0062
1.0025 0.1316 0.0064
1.0075 0.1384 0.0066
1.0125 0.1383 0.0066
1.0175 0.1425 0.0067
1.0225 0.1358 0.0065
1.0275 0.1357 0.0066
1.0325 0.1333 0.0065
1.0375 0.1473 0.0068
1.0425 0.1343 0.0065
1.0475 0.1423 0.0068
1.0525 0.1331 0.0065
1.0575 0.1499 0.0070
1.0625 0.1452 0.0068
1.0675 0.1484 0.0069
1.0725 0.1424 0.0067
1.0775 0.1448 0.0068
1.0825 0.1455 0.0068
1.0875 0.1528 0.0070
1.0925 0.1617 0.0072
1.0975 0.1580 0.0071
1.1025 0.1742 0.0075
1.1075 0.1529 0.0070
1.1125 0.1727 0.0075
1.1175 0.1611 0.0072
1.1225 0.1552 0.0071
1.1275 0.1545 0.0071
1.1325 0.1784 0.0076
1.1375 0.1778 0.0076
1.1425 0.1792 0.0076
1.1475 0.1756 0.0075
1.1525 0.1711 0.0075
1.1575 0.1717 0.0075
1.1625 0.1779 0.0076
1.1675 0.1810 0.0077
1.1725 0.1722 0.0075
1.1775 0.1741 0.0076
1.1825 0.1800 0.0077
1.1875 0.1733 0.0075
1.1925 0.1869 0.0078
1.1975 0.1764 0.0075
