0.0525 0.0711 0.0132
0.0575 0.0736 0.0140
0.0625 0.0857 0.0160
0.0675 0.0405 0.0114
0.0725 0.0781 0.0152
0.0775 0.0419 0.0103
0.0825 0.0783 0.0137
0.0875 0.0615 0.0115
0.0925 0.0437 0.0092
0.0975 0.0494 0.0091
0.1025 0.0650 0.0099
0.1075 0.0626 0.0094
0.1125 0.0542 0.0085
0.1175 0.0702 0.0094
0.1225 0.0610 0.0086
0.1275 0.0734 0.0091
0.1325 0.0775 0.0091
0.1375 0.0632 0.0080
0.1425 0.0868 0.0092
0.1475 0.1040 0.0099
0.1525 0.0965 0.0093
0.1575 0.1197 0.0102
0.1625 0.1127 0.0097
0.1675 0.1360 0.0104
0.1725 0.1462 0.0106
0.1775 0.1865 0.0119
0.1825 0.2253 0.0128
0.1875 0.3131 0.0147
0.1925 0.8544 0.0242
0.1975 3.9244 0.0512
0.2025 3.1953 0.0450
0.2075 0.5841 0.0191
0.2125 0.3714 0.0150
0.2175 0.2862 0.0130
0.2225 0.2943 0.0130
0.2275 0.2234 0.0112
0.2325 0.1947 0.0103
0.2375 0.1924 0.0102
0.2425 0.1872 0.0099
0.2475 0.1652 0.0092
0.2525 0.1591 0.0089
0.2575 0.1460 0.0084
0.2625 0.1477 0.0084
0.2675 0.1398 0.0081
0.2725 0.1507 0.0083
0.2775 0.1338 0.0078
0.2825 0.1214 0.0073
0.2875 0.1303 0.0075
0.2925 0.1236 0.0073
0.2975 0.1354 0.0075
0.3025 0.1091 0.0067
0.3075 0.1236 0.0071
0.3125 0.1168 0.0070
0.3175 0.1184 0.0071
0.3225 0.1059 0.0067
0.3275 0.1104 0.0068
0.3325 0.1116 0.0069
0.3375 0.0961 0.0064
0.3425 0.1115 0.0068
0.3475 0.0945 0.0061
0.3525 0.0961 0.0061
0.3575 0.0894 0.0058
0.3625 0.1029 0.0061
0.3675 0.0941 0.0058
0.3725 0.0908 0.0056
0.3775 0.0917 0.0056
0.3825 0.0909 0.0055
0.3875 0.0899 0.0055
0.3925 0.0915 0.0055
0.3975 0.1016 0.0057
0.4025 0.0947 0.0055
0.4075 0.0961 0.0054
0.4125 0.0855 0.0051
0.4175 0.0804 0.0049
0.4225 0.0835 0.0049
0.4275 0.0998 0.0054
0.4325 0.0885 0.0050
0.4375 0.0889 0.0050
0.4425 0.0924 0.0050
0.4475 0.0832 0.0048
0.4525 0.0769 0.0046
0.4575 0.0927 0.0050
0.4625 0.0827 0.0048
0.4675 0.0884 0.0050
0.4725 0.0817 0.0048
0.4775 0.0858 0.0049
0.4825 0.0860 0.0049
0.4875 0.0780 0.0047
0.4925 0.0754 0.0046
0.4975 0.0813 0.0047
0.5025 0.0901 0.0049
0.5075 0.0815 0.0046
0.5125 0.0800 0.0045
0.5175 0.0821 0.0045
0.5225 0.0856 0.0046
0.5275 0.0767 0.0043
0.5325 0.0712 0.0041
0.5375 0.0745 0.0042
0.5425 0.0883 0.0045
0.5475 0.0763 0.0042
0.5525 0.0738 0.0041
0.5575 0.0736 0.0041
0.5625 0.0794 0.0042
0.5675 0.0852 0.0043
0.5725 0.0870 0.0044
0.5775 0.0820 0.0042
0.5825 0.0737 0.0040
0.5875 0.0814 0.0041
0.5925 0.0790 0.0041
0.5975 0.0807 0.0041
0.6025 0.0902 0.0043
0.6075 0.0784 0.0040
0.6125 0.0816 0.0042
0.6175 0.0786 0.0042
0.6225 0.0880 0.0044
0.6275 0.0894 0.0045
0.6325 0.0838 0.0043
0.6375 0.0836 0.0043
0.6425 0.0896 0.0045
0.6475 0.0838 0.0043
0.6525 0.0778 0.0042
0.6575 0.0845 0.0043
0.6625 0.0928 0.0045
0.6675 0.0972 0.0046
0.6725 0.0853 0.0043
0.6775 0.0840 0.0043
0.6825 0.0925 0.0046
0.6875 0.0869 0.0045
0.6925 0.0887 0.0045
0.6975 0.0940 0.0046
0.7025 0.0843 0.0044
0.7075 0.0838 0.0044
0.7125 0.0952 0.0047
0.7175 0.0944 0.0046
0.7225 0.0968 0.0047
0.7275 0.0994 0.0048
0.7325 0.0957 0.0047
0.7375 0.0941 0.0046
0.7425 0.0962 0.0047
0.7475 0.0970 0.0048
0.7525 0.0917 0.0047
0.7575 0.0932 0.0047
0.7625 0.1040 0.0050
0.7675 0.1009 0.0049
0.7725 0.1047 0.0050
0.7775 0.1028 0.0049
0.7825 0.0994 0.0049
0.7875 0.1103 0.0051
0.7925 0.1050 0.0050
0.7975 0.1054 0.0050
0.8025 0.1123 0.0052
0.8075 0.1070 0.0050
0.8125 0.1026 0.0049
0.8175 0.1062 0.0050
0.8225 0.1057 0.0050
0.8275 0.1112 0.0051
0.8325 0.1112 0.0051
0.8375 0.0970 0.0048
0.8425 0.1082 0.0050
0.8475 0.0995 0.0049
0.8525 0.0999 0.0051
0.8575 0.1115 0.0056
0.8625 0.1125 0.0057
0.8675 0.1062 0.0057
0.8725 0.1017 0.0056
0.8775 0.1146 0.0060
0.8825 0.1173 0.0060
0.8875 0.1177 0.0059
0.8925 0.1118 0.0058
0.8975 0.1087 0.0057
0.9025 0.1089 0.0057
0.9075 0.1260 0.0060
0.9125 0.1293 0.0061
0.9175 0.1245 0.0060
0.9225 0.1152 0.0058
0.9275 0.1236 0.0060
0.9325 0.1192 0.0058
0.9375 0.1189 0.0059
0.9425 0.1285 0.0061
0.9475 0.1242 0.0060
0.9525 0.1206 0.0059
0.9575 0.1251 0.0060
0.9625 0.1279 0.0060
0.9675 0.1319 0.0062
0.9725 0.1102 0.0056
0.9775 0.1233 0.0060
0.9825 0.1284 0.0062
0.9875 0.1322 0.0063
0.9925 0.1351 0.0064
0.9975 0.1327 0.0064
1.0025 0.1188 0.0060
1.0075 0.1345 0.0065
1.0125 0.1371 0.0065
1.0175 0.1420 0.0067
1.0225 0.1415 0.0067
1.0275 0.1370 0.0066
1.0325 0.1392 0.0066
1.0375 0.1486 0.0069
1.0425 0.1409 0.0067
1.0475 0.1672 0.0073
1.0525 0.1535 0.0070
1.0575 0.1441 0.0068
1.0625 0.1498 0.0069
1.0675 0.1446 0.0068
1.0725 0.1418 0.0067
1.0775 0.1525 0.0070
1.0825 0.1568 0.0071
1.0875 0.1574 0.0071
1.0925 0.1562 0.0071
1.0975 0.1571 0.0071
1.1025 0.1573 0.0071
1.1075 0.1570 0.0071
1.1125 0.1530 0.0070
1.1175 0.1554 0.0071
1.1225 0.1621 0.0073
1.1275 0.1752 0.0075
1.1325 0.1735 0.0075
1.1375 0.1748 0.0075
1.1425 0.1721 0.0075
1.1475 0.1745 0.0075
1.1525 0.1706 0.0074
1.1575 0.1756 0.0076
1.1625 0.1795 0.0076
1.1675 0.1846 0.0078
1.1725 0.1834 0.0077
1.1775 0.1872 0.0078
1.1825 0.1825 0.0077
1.1875 0.1853 0.0077
1.1925 0.1894 0.0078
1.1975 0.1964 0.0079
