0.0525 0.1268 0.0177
0.0575 0.1056 0.0168
0.0625 0.1086 0.0180
0.0675 0.0945 0.0174
0.0725 0.0813 0.0155
0.0775 0.0570 0.0120
0.0825 0.0840 0.0142
0.0875 0.0534 0.0107
0.0925 0.0575 0.0106
0.0975 0.0559 0.0096
0.1025 0.0743 0.0105
0.1075 0.0712 0.0100
0.1125 0.0729 0.0099
0.1175 0.0679 0.0092
0.1225 0.0817 0.0099
0.1275 0.0740 0.0091
0.1325 0.0961 0.0101
0.1375 0.1139 0.0108
0.1425 0.1015 0.0100
0.1475 0.0929 0.0093
0.1525 0.1155 0.0102
0.1575 0.0981 0.0092
0.1625 0.1204 0.0100
0.1675 0.1432 0.0107
0.1725 0.1744 0.0115
0.1775 0.2052 0.0125
0.1825 0.2313 0.0129
0.1875 0.3345 0.0152
0.1925 0.6999 0.0219
0.1975 3.0331 0.0450
0.2025 1.9111 0.0348
0.2075 0.5800 0.0190
0.2125 0.4270 0.0161
0.2175 0.3062 0.0135
0.2225 0.2590 0.0122
0.2275 0.2448 0.0117
0.2325 0.2123 0.0108
0.2375 0.1873 0.0100
0.2425 0.1912 0.0100
0.2475 0.1790 0.0096
0.2525 0.1545 0.0088
0.2575 0.1507 0.0086
0.2625 0.1455 0.0084
0.2675 0.1319 0.0078
0.2725 0.1387 0.0080
0.2775 0.1298 0.0077
0.2825 0.1050 0.0068
0.2875 0.1152 0.0070
0.2925 0.1115 0.0069
0.2975 0.0961 0.0063
0.3025 0.1074 0.0066
0.3075 0.1191 0.0069
0.3125 0.1091 0.0068
0.3175 0.1047 0.0066
0.3225 0.1020 0.0065
0.3275 0.0918 0.0062
0.3325 0.0907 0.0062
0.3375 0.1027 0.0066
0.3425 0.1105 0.0068
0.3475 0.0987 0.0062
0.3525 0.0867 0.0058
0.3575 0.0953 0.0060
0.3625 0.0881 0.0057
0.3675 0.0888 0.0056
0.3725 0.0975 0.0058
0.3775 0.0922 0.0056
0.3825 0.0963 0.0057
0.3875 0.0914 0.0055
0.3925 0.0885 0.0054
0.3975 0.0875 0.0053
0.4025 0.0808 0.0050
0.4075 0.0933 0.0054
0.4125 0.0841 0.0050
0.4175 0.0865 0.0051
0.4225 0.0824 0.0049
0.4275 0.0873 0.0050
0.4325 0.0889 0.0050
0.4375 0.0970 0.0052
0.4425 0.0677 0.0043
0.4475 0.0796 0.0047
0.4525 0.0931 0.0050
0.4575 0.0872 0.0049
0.4625 0.0759 0.0046
0.4675 0.0781 0.0047
0.4725 0.0767 0.0047
0.4775 0.0790 0.0047
0.4825 0.0844 0.0049
0.4875 0.0783 0.0047
0.4925 0.0870 0.0049
0.4975 0.0863 0.0048
0.5025 0.0846 0.0047
0.5075 0.0928 0.0049
0.5125 0.0824 0.0046
0.5175 0.0735 0.0043
0.5225 0.0805 0.0045
0.5275 0.0756 0.0043
0.5325 0.0715 0.0041
0.5375 0.0777 0.0043
0.5425 0.0830 0.0044
0.5475 0.0737 0.0041
0.5525 0.0741 0.0041
0.5575 0.0846 0.0044
0.5625 0.0804 0.0042
0.5675 0.0820 0.0043
0.5725 0.0883 0.0044
0.5775 0.0769 0.0041
0.5825 0.0896 0.0044
0.5875 0.0887 0.0043
0.5925 0.0846 0.0042
0.5975 0.0804 0.0041
0.6025 0.0755 0.0039
0.6075 0.0870 0.0043
0.6125 0.0917 0.0045
0.6175 0.0796 0.0042
0.6225 0.0831 0.0043
0.6275 0.0836 0.0043
0.6325 0.0810 0.0043
0.6375 0.0867 0.0044
0.6425 0.0893 0.0045
0.6475 0.0863 0.0044
0.6525 0.0859 0.0044
0.6575 0.0856 0.0044
0.6625 0.0852 0.0043
0.6675 0.0807 0.0042
0.6725 0.0883 0.0044
0.6775 0.0858 0.0044
0.6825 0.0820 0.0043
0.6875 0.0879 0.0045
0.6925 0.0894 0.0045
0.6975 0.0886 0.0045
0.7025 0.0834 0.0044
0.7075 0.0907 0.0046
0.7125 0.0992 0.0048
0.7175 0.0881 0.0045
0.7225 0.0946 0.0047
0.7275 0.0989 0.0048
0.7325 0.0946 0.0047
0.7375 0.0936 0.0046
0.7425 0.0889 0.0045
0.7475 0.0876 0.0046
0.7525 0.0904 0.0046
0.7575 0.0959 0.0048
0.7625 0.0958 0.0048
0.7675 0.1022 0.0049
0.7725 0.0998 0.0049
0.7775 0.1152 0.0052
0.7825 0.0972 0.0048
0.7875 0.0929 0.0047
0.7925 0.0933 0.0047
0.7975 0.0961 0.0048
0.8025 0.0989 0.0048
0.8075 0.1100 0.0051
0.8125 0.0955 0.0047
0.8175 0.1033 0.0049
0.8225 0.1033 0.0049
0.8275 0.1178 0.0053
0.8325 0.1146 0.0052
0.8375 0.1084 0.0050
0.8425 0.1023 0.0049
0.8475 0.1151 0.0053
0.8525 0.0997 0.0051
0.8575 0.1153 0.0057
0.8625 0.1022 0.0055
0.8675 0.0991 0.0055
0.8725 0.1005 0.0056
0.8775 0.1040 0.0058
0.8825 0.1080 0.0058
0.8875 0.1221 0.0061
0.8925 0.1232 0.0060
0.8975 0.1083 0.0056
0.9025 0.1172 0.0059
0.9075 0.1198 0.0059
0.9125 0.1123 0.0057
0.9175 0.1128 0.0057
0.9225 0.1129 0.0057
0.9275 0.1148 0.0058
0.9325 0.1252 0.0060
0.9375 0.1214 0.0059
0.9425 0.1201 0.0059
0.9475 0.1233 0.0059
0.9525 0.1304 0.0061
0.9575 0.1183 0.0058
0.9625 0.1258 0.0060
0.9675 0.1186 0.0059
0.9725 0.1248 0.0060
0.9775 0.1266 0.0061
0.9825 0.1273 0.0062
0.9875 0.1331 0.0063
0.9925 0.1296 0.0063
0.9975 0.1299 0.0063
1.0025 0.1347 0.0064
1.0075 0.1441 0.0067
1.0125 0.1338 0.0065
1.0175 0.1287 0.0063
1.0225 0.1447 0.0068
1.0275 0.1303 0.0064
1.0325 0.1411 0.0067
1.0375 0.1474 0.0068
1.0425 0.1375 0.0066
1.0475 0.1494 0.0069
1.0525 0.1392 0.0067
1.0575 0.1576 0.0071
1.0625 0.1398 0.0067
1.0675 0.1458 0.0068
1.0725 0.1547 0.0070
1.0775 0.1484 0.0069
1.0825 0.1515 0.0069
1.0875 0.1625 0.0072
1.0925 0.1555 0.0071
1.0975 0.1621 0.0072
1.1025 0.1540 0.0070
1.1075 0.1577 0.0071
1.1125 0.1501 0.0070
1.1175 0.1488 0.0069
1.1225 0.1833 0.0077
1.1275 0.1702 0.0074
1.1325 0.1641 0.0073
1.1375 0.1740 0.0075
1.1425 0.1860 0.0078
1.1475 0.1681 0.0074
1.1525 0.1881 0.0078
1.1575 0.1720 0.0075
1.1625 0.1879 0.0078
1.1675 0.1829 0.0077
1.1725 0.1777 0.0076
1.1775 0.2030 0.0082
1.1825 0.1966 0.0080
1.1875 0.1976 0.0080
1.1925 0.1957 0.0080
1.1975 0.2050 0.0081
