0.0525 0.1265 0.0176
0.0575 0.1189 0.0178
0.0625 0.0919 0.0165
0.0675 0.0860 0.0166
0.0725 0.0570 0.0129
0.0775 0.0677 0.0131
0.0825 0.0698 0.0129
0.0875 0.0488 0.0102
0.0925 0.0554 0.0104
0.0975 0.0525 0.0093
0.1025 0.0385 0.0076
0.1075 0.0421 0.0077
0.1125 0.0507 0.0082
0.1175 0.0552 0.0083
0.1225 0.0457 0.0074
0.1275 0.0529 0.0077
0.1325 0.0584 0.0079
0.1375 0.0491 0.0071
0.1425 0.0625 0.0078
0.1475 0.0658 0.0078
0.1525 0.0731 0.0081
0.1575 0.0670 0.0076
0.1625 0.0698 0.0076
0.1675 0.0614 0.0070
0.1725 0.0874 0.0082
0.1775 0.0907 0.0083
0.1825 0.1343 0.0099
0.1875 0.1900 0.0115
0.1925 0.4256 0.0171
0.1975 1.4869 0.0315
0.2025 2.3699 0.0387
0.2075 2.0066 0.0354
0.2125 1.1902 0.0269
0.2175 0.6745 0.0200
0.2225 0.4506 0.0161
0.2275 0.3001 0.0130
0.2325 0.1823 0.0100
0.2375 0.1367 0.0086
0.2425 0.1024 0.0073
0.2475 0.0954 0.0070
0.2525 0.0789 0.0063
0.2575 0.0648 0.0056
0.2625 0.0605 0.0054
0.2675 0.0579 0.0052
0.2725 0.1281 0.0077
0.2775 0.4516 0.0144
0.2825 0.4300 0.0138
0.2875 0.2085 0.0095
0.2925 0.1195 0.0071
0.2975 0.1024 0.0065
0.3025 0.0790 0.0057
0.3075 0.0568 0.0048
0.3125 0.0484 0.0045
0.3175 0.0485 0.0045
0.3225 0.0539 0.0048
0.3275 0.0559 0.0048
0.3325 0.0500 0.0046
0.3375 0.0527 0.0047
0.3425 0.0455 0.0044
0.3475 0.0488 0.0044
0.3525 0.0562 0.0046
0.3575 0.0476 0.0042
0.3625 0.0500 0.0043
0.3675 0.0437 0.0039
0.3725 0.0468 0.0041
0.3775 0.0516 0.0042
0.3825 0.0608 0.0045
0.3875 0.0465 0.0039
0.3925 0.0655 0.0046
0.3975 0.0820 0.0051
0.4025 0.1088 0.0059
0.4075 0.1070 0.0057
0.4125 0.0873 0.0051
0.4175 0.0764 0.0048
0.4225 0.0686 0.0045
0.4275 0.0698 0.0045
0.4325 0.0576 0.0040
0.4375 0.0670 0.0043
0.4425 0.0614 0.0041
0.4475 0.0677 0.0043
0.4525 0.0606 0.0040
0.4575 0.0584 0.0040
0.4625 0.0561 0.0040
0.4675 0.0518 0.0038
0.4725 0.0524 0.0039
0.4775 0.0501 0.0038
0.4825 0.0557 0.0040
0.4875 0.0556 0.0040
0.4925 0.0487 0.0037
0.4975 0.0472 0.0036
0.5025 0.0499 0.0036
0.5075 0.0436 0.0034
0.5125 0.0482 0.0035
0.5175 0.0514 0.0036
0.5225 0.0537 0.0036
0.5275 0.0546 0.0036
0.5325 0.0477 0.0034
0.5375 0.0545 0.0036
0.5425 0.0550 0.0036
0.5475 0.0464 0.0033
0.5525 0.0514 0.0034
0.5575 0.0454 0.0032
0.5625 0.0484 0.0033
0.5675 0.0566 0.0035
0.5725 0.0508 0.0033
0.5775 0.0517 0.0033
0.5825 0.0573 0.0035
0.5875 0.0539 0.0034
0.5925 0.0487 0.0032
0.5975 0.0575 0.0034
0.6025 0.0578 0.0034
0.6075 0.0591 0.0035
0.6125 0.0609 0.0036
0.6175 0.0635 0.0037
0.6225 0.0766 0.0041
0.6275 0.0785 0.0042
0.6325 0.0738 0.0041
0.6375 0.0654 0.0038
0.6425 0.0755 0.0041
0.6475 0.0709 0.0040
0.6525 0.0581 0.0036
0.6575 0.0555 0.0035
0.6625 0.0592 0.0036
0.6675 0.0594 0.0036
0.6725 0.0598 0.0036
0.6775 0.0587 0.0036
0.6825 0.0590 0.0037
0.6875 0.0692 0.0040
0.6925 0.0665 0.0039
0.6975 0.0665 0.0039
0.7025 0.0613 0.0037
0.7075 0.0674 0.0039
0.7125 0.0658 0.0039
0.7175 0.0670 0.0039
0.7225 0.0606 0.0037
0.7275 0.0733 0.0041
0.7325 0.0722 0.0041
0.7375 0.0639 0.0038
0.7425 0.0654 0.0039
0.7475 0.0633 0.0039
0.7525 0.0689 0.0040
0.7575 0.0633 0.0039
0.7625 0.0732 0.0042
0.7675 0.0728 0.0042
0.7725 0.0668 0.0040
0.7775 0.0695 0.0041
0.7825 0.0771 0.0043
0.7875 0.0667 0.0040
0.7925 0.0701 0.0041
0.7975 0.0789 0.0043
0.8025 0.0725 0.0041
0.8075 0.0689 0.0040
0.8125 0.0775 0.0043
0.8175 0.1047 0.0050
0.8225 0.1342 0.0056
0.8275 0.1081 0.0050
0.8325 0.0869 0.0045
0.8375 0.0701 0.0040
0.8425 0.0760 0.0042
0.8475 0.0776 0.0044
0.8525 0.0849 0.0047
0.8575 0.0841 0.0049
0.8625 0.0809 0.0049
0.8675 0.0856 0.0051
0.8725 0.0854 0.0051
0.8775 0.0784 0.0050
0.8825 0.0849 0.0051
0.8875 0.0852 0.0051
0.8925 0.0844 0.0050
0.8975 0.0797 0.0048
0.9025 0.0827 0.0049
0.9075 0.0948 0.0052
0.9125 0.0776 0.0047
0.9175 0.0853 0.0050
0.9225 0.0817 0.0049
0.9275 0.0826 0.0049
0.9325 0.0876 0.0050
0.9375 0.0895 0.0051
0.9425 0.0825 0.0049
0.9475 0.0729 0.0046
0.9525 0.0957 0.0052
0.9575 0.0812 0.0048
0.9625 0.0954 0.0052
0.9675 0.0881 0.0051
0.9725 0.0989 0.0053
0.9775 0.0897 0.0051
0.9825 0.0883 0.0051
0.9875 0.0979 0.0054
0.9925 0.0866 0.0051
0.9975 0.0880 0.0052
1.0025 0.0915 0.0053
1.0075 0.0972 0.0055
1.0125 0.0864 0.0052
1.0175 0.1057 0.0057
1.0225 0.1045 0.0057
1.0275 0.0936 0.0054
1.0325 0.1057 0.0058
1.0375 0.0954 0.0055
1.0425 0.0897 0.0053
1.0475 0.0992 0.0056
1.0525 0.0909 0.0054
1.0575 0.0988 0.0056
1.0625 0.1070 0.0059
1.0675 0.0999 0.0056
1.0725 0.1014 0.0057
1.0775 0.0873 0.0053
1.0825 0.1040 0.0058
1.0875 0.1003 0.0057
1.0925 0.1019 0.0057
1.0975 0.1035 0.0058
1.1025 0.1091 0.0059
1.1075 0.1045 0.0058
1.1125 0.1173 0.0062
1.1175 0.1083 0.0059
1.1225 0.1152 0.0061
1.1275 0.1220 0.0063
1.1325 0.1118 0.0060
1.1375 0.1242 0.0064
1.1425 0.1189 0.0062
1.1475 0.1217 0.0063
1.1525 0.1242 0.0064
1.1575 0.1152 0.0061
1.1625 0.1358 0.0066
1.1675 0.1285 0.0065
1.1725 0.1243 0.0064
1.1775 0.1444 0.0069
1.1825 0.1487 0.0070
1.1875 0.1576 0.0071
1.1925 0.1638 0.0073
1.1975 0.1506 0.0070
