0.0525 0.0952 0.0153
0.0575 0.1208 0.0179
0.0625 0.0802 0.0155
0.0675 0.0571 0.0136
0.0725 0.0638 0.0137
0.0775 0.0729 0.0135
0.0825 0.0696 0.0129
0.0875 0.0617 0.0115
0.0925 0.0537 0.0102
0.0975 0.0726 0.0110
0.1025 0.0698 0.0102
0.1075 0.0575 0.0090
0.1125 0.0573 0.0087
0.1175 0.0649 0.0090
0.1225 0.0626 0.0087
0.1275 0.0768 0.0093
0.1325 0.0584 0.0079
0.1375 0.0674 0.0083
0.1425 0.0673 0.0081
0.1475 0.0697 0.0081
0.1525 0.0776 0.0083
0.1575 0.0834 0.0085
0.1625 0.0988 0.0091
0.1675 0.0899 0.0085
0.1725 0.0850 0.0081
0.1775 0.1065 0.0090
0.1825 0.1154 0.0091
0.1875 0.1476 0.0101
0.1925 0.3664 0.0158
0.1975 1.7485 0.0342
0.2025 1.8386 0.0341
0.2075 0.7325 0.0214
0.2125 0.3612 0.0148
0.2175 0.2977 0.0133
0.2225 0.2273 0.0114
0.2275 0.1720 0.0098
0.2325 0.1645 0.0095
0.2375 0.1396 0.0087
0.2425 0.1370 0.0085
0.2475 0.1198 0.0078
0.2525 0.1266 0.0080
0.2575 0.1139 0.0075
0.2625 0.1161 0.0075
0.2675 0.1063 0.0070
0.2725 0.1203 0.0074
0.2775 0.1597 0.0085
0.2825 0.1704 0.0087
0.2875 0.1285 0.0074
0.2925 0.1044 0.0067
0.2975 0.1108 0.0068
0.3025 0.0953 0.0062
0.3075 0.0992 0.0063
0.3125 0.0929 0.0062
0.3175 0.0873 0.0061
0.3225 0.0901 0.0061
0.3275 0.0809 0.0058
0.3325 0.0956 0.0063
0.3375 0.0940 0.0063
0.3425 0.0938 0.0063
0.3475 0.0780 0.0056
0.3525 0.0798 0.0055
0.3575 0.0932 0.0059
0.3625 0.0793 0.0054
0.3675 0.0849 0.0055
0.3725 0.0814 0.0053
0.3775 0.0780 0.0052
0.3825 0.0778 0.0051
0.3875 0.0820 0.0052
0.3925 0.0716 0.0048
0.3975 0.0838 0.0052
0.4025 0.0985 0.0056
0.4075 0.0938 0.0054
0.4125 0.0979 0.0054
0.4175 0.0842 0.0050
0.4225 0.0844 0.0050
0.4275 0.0806 0.0048
0.4325 0.0879 0.0050
0.4375 0.0765 0.0046
0.4425 0.0757 0.0046
0.4475 0.0846 0.0048
0.4525 0.0822 0.0047
0.4575 0.0774 0.0046
0.4625 0.0754 0.0046
0.4675 0.0803 0.0047
0.4725 0.0840 0.0049
0.4775 0.0831 0.0049
0.4825 0.0654 0.0043
0.4875 0.0731 0.0046
0.4925 0.0794 0.0047
0.4975 0.0695 0.0043
0.5025 0.0752 0.0045
0.5075 0.0674 0.0042
0.5125 0.0665 0.0041
0.5175 0.0820 0.0045
0.5225 0.0747 0.0043
0.5275 0.0784 0.0044
0.5325 0.0838 0.0045
0.5375 0.0739 0.0042
0.5425 0.0681 0.0040
0.5475 0.0761 0.0042
0.5525 0.0748 0.0041
0.5575 0.0659 0.0039
0.5625 0.0748 0.0041
0.5675 0.0780 0.0042
0.5725 0.0724 0.0040
0.5775 0.0778 0.0041
0.5825 0.0744 0.0040
0.5875 0.0803 0.0041
0.5925 0.0729 0.0039
0.5975 0.0781 0.0040
0.6025 0.0767 0.0040
0.6075 0.0744 0.0039
0.6125 0.0848 0.0043
0.6175 0.0808 0.0042
0.6225 0.0906 0.0045
0.6275 0.0871 0.0044
0.6325 0.0801 0.0042
0.6375 0.0776 0.0042
0.6425 0.0815 0.0043
0.6475 0.0790 0.0042
0.6525 0.0839 0.0043
0.6575 0.0797 0.0042
0.6625 0.0827 0.0043
0.6675 0.0762 0.0041
0.6725 0.0754 0.0041
0.6775 0.0872 0.0044
0.6825 0.0776 0.0042
0.6875 0.0808 0.0043
0.6925 0.0871 0.0045
0.6975 0.0784 0.0042
0.7025 0.0780 0.0042
0.7075 0.0851 0.0044
0.7125 0.0845 0.0044
0.7175 0.0871 0.0045
0.7225 0.0803 0.0043
0.7275 0.0878 0.0045
0.7325 0.0870 0.0045
0.7375 0.0840 0.0044
0.7425 0.0932 0.0047
0.7475 0.0848 0.0045
0.7525 0.0919 0.0047
0.7575 0.0872 0.0045
0.7625 0.0929 0.0047
0.7675 0.0843 0.0045
0.7725 0.0898 0.0046
0.7775 0.0937 0.0047
0.7825 0.0871 0.0045
0.7875 0.0882 0.0046
0.7925 0.0789 0.0043
0.7975 0.0901 0.0046
0.8025 0.0958 0.0048
0.8075 0.0871 0.0045
0.8125 0.0873 0.0045
0.8175 0.0920 0.0046
0.8225 0.1047 0.0050
0.8275 0.0992 0.0048
0.8325 0.0996 0.0048
0.8375 0.0981 0.0048
0.8425 0.1049 0.0049
0.8475 0.0902 0.0047
0.8525 0.1026 0.0052
0.8575 0.1142 0.0057
0.8625 0.1064 0.0056
0.8675 0.1085 0.0057
0.8725 0.0998 0.0056
0.8775 0.1004 0.0057
0.8825 0.1037 0.0056
0.8875 0.1001 0.0055
0.8925 0.1104 0.0057
0.8975 0.0946 0.0053
0.9025 0.1056 0.0056
0.9075 0.0952 0.0053
0.9125 0.1068 0.0056
0.9175 0.1108 0.0057
0.9225 0.1192 0.0059
0.9275 0.1170 0.0058
0.9325 0.1034 0.0054
0.9375 0.1059 0.0055
0.9425 0.1117 0.0057
0.9475 0.1175 0.0058
0.9525 0.1325 0.0062
0.9575 0.1131 0.0057
0.9625 0.1144 0.0057
0.9675 0.1198 0.0059
0.9725 0.1173 0.0058
0.9775 0.1183 0.0059
0.9825 0.1216 0.0060
0.9875 0.1099 0.0058
0.9925 0.1044 0.0056
0.9975 0.1236 0.0062
1.0025 0.1215 0.0061
1.0075 0.1349 0.0065
1.0125 0.1255 0.0063
1.0175 0.1222 0.0062
1.0225 0.1282 0.0064
1.0275 0.1241 0.0063
1.0325 0.1316 0.0064
1.0375 0.1293 0.0064
1.0425 0.1393 0.0067
1.0475 0.1318 0.0065
1.0525 0.1410 0.0067
1.0575 0.1323 0.0065
1.0625 0.1263 0.0064
1.0675 0.1336 0.0065
1.0725 0.1345 0.0065
1.0775 0.1483 0.0069
1.0825 0.1312 0.0065
1.0875 0.1388 0.0067
1.0925 0.1420 0.0068
1.0975 0.1444 0.0068
1.1025 0.1522 0.0070
1.1075 0.1383 0.0067
1.1125 0.1508 0.0070
1.1175 0.1445 0.0068
1.1225 0.1531 0.0071
1.1275 0.1552 0.0071
1.1325 0.1645 0.0073
1.1375 0.1470 0.0069
1.1425 0.1705 0.0074
1.1475 0.1691 0.0074
1.1525 0.1721 0.0075
1.1575 0.1604 0.0072
1.1625 0.1617 0.0073
1.1675 0.1699 0.0074
1.1725 0.1846 0.0078
1.1775 0.1838 0.0078
1.1825 0.1637 0.0073
1.1875 0.1817 0.0077
1.1925 0.1669 0.0073
1.1975 0.1802 0.0076
