0.0525 0.0998 0.0157
0.0575 0.0941 0.0158
0.0625 0.1069 0.0178
0.0675 0.0672 0.0147
0.0725 0.0728 0.0146
0.0775 0.1023 0.0161
0.0825 0.0717 0.0131
0.0875 0.0445 0.0098
0.0925 0.0637 0.0112
0.0975 0.0848 0.0119
0.1025 0.0532 0.0089
0.1075 0.0639 0.0095
0.1125 0.0412 0.0074
0.1175 0.0390 0.0070
0.1225 0.0396 0.0069
0.1275 0.0381 0.0066
0.1325 0.0508 0.0074
0.1375 0.0703 0.0085
0.1425 0.0509 0.0071
0.1475 0.0584 0.0074
0.1525 0.0515 0.0068
0.1575 0.0531 0.0068
0.1625 0.0687 0.0076
0.1675 0.0585 0.0069
0.1725 0.0830 0.0080
0.1775 0.1140 0.0093
0.1825 0.1107 0.0089
0.1875 0.1754 0.0110
0.1925 0.4388 0.0173
0.1975 1.5755 0.0324
0.2025 2.3686 0.0387
0.2075 2.0243 0.0355
0.2125 1.1551 0.0265
0.2175 0.6424 0.0195
0.2225 0.4235 0.0156
0.2275 0.3115 0.0132
0.2325 0.2127 0.0108
0.2375 0.1382 0.0086
0.2425 0.0996 0.0072
0.2475 0.0796 0.0064
0.2525 0.0767 0.0062
0.2575 0.0648 0.0056
0.2625 0.0629 0.0055
0.2675 0.0606 0.0053
0.2725 0.1380 0.0080
0.2775 0.4041 0.0136
0.2825 0.4549 0.0142
0.2875 0.2279 0.0099
0.2925 0.1406 0.0077
0.2975 0.0980 0.0064
0.3025 0.0795 0.0057
0.3075 0.0695 0.0053
0.3125 0.0579 0.0049
0.3175 0.0555 0.0048
0.3225 0.0661 0.0053
0.3275 0.0482 0.0045
0.3325 0.0542 0.0048
0.3375 0.0662 0.0053
0.3425 0.0567 0.0049
0.3475 0.0502 0.0045
0.3525 0.0508 0.0044
0.3575 0.0531 0.0045
0.3625 0.0406 0.0039
0.3675 0.0391 0.0037
0.3725 0.0479 0.0041
0.3775 0.0539 0.0043
0.3825 0.0553 0.0043
0.3875 0.0466 0.0039
0.3925 0.0652 0.0046
0.3975 0.0955 0.0055
0.4025 0.1166 0.0061
0.4075 0.1111 0.0058
0.4125 0.1035 0.0056
0.4175 0.0846 0.0050
0.4225 0.0745 0.0047
0.4275 0.0718 0.0045
0.4325 0.0695 0.0044
0.4375 0.0609 0.0041
0.4425 0.0671 0.0043
0.4475 0.0643 0.0042
0.4525 0.0649 0.0042
0.4575 0.0609 0.0041
0.4625 0.0604 0.0041
0.4675 0.0496 0.0037
0.4725 0.0570 0.0040
0.4775 0.0541 0.0039
0.4825 0.0451 0.0036
0.4875 0.0485 0.0037
0.4925 0.0516 0.0038
0.4975 0.0621 0.0041
0.5025 0.0578 0.0039
0.5075 0.0504 0.0036
0.5125 0.0506 0.0036
0.5175 0.0530 0.0036
0.5225 0.0500 0.0035
0.5275 0.0544 0.0036
0.5325 0.0545 0.0036
0.5375 0.0531 0.0035
0.5425 0.0464 0.0033
0.5475 0.0541 0.0035
0.5525 0.0536 0.0035
0.5575 0.0584 0.0036
0.5625 0.0515 0.0034
0.5675 0.0529 0.0034
0.5725 0.0628 0.0037
0.5775 0.0513 0.0033
0.5825 0.0532 0.0034
0.5875 0.0619 0.0036
0.5925 0.0483 0.0032
0.5975 0.0552 0.0034
0.6025 0.0659 0.0037
0.6075 0.0545 0.0034
0.6125 0.0617 0.0037
0.6175 0.0649 0.0038
0.6225 0.0787 0.0042
0.6275 0.0888 0.0044
0.6325 0.0797 0.0042
0.6375 0.0676 0.0039
0.6425 0.0651 0.0038
0.6475 0.0706 0.0040
0.6525 0.0598 0.0037
0.6575 0.0661 0.0038
0.6625 0.0586 0.0036
0.6675 0.0641 0.0038
0.6725 0.0554 0.0035
0.6775 0.0603 0.0037
0.6825 0.0562 0.0036
0.6875 0.0590 0.0037
0.6925 0.0675 0.0039
0.6975 0.0611 0.0037
0.7025 0.0625 0.0038
0.7075 0.0682 0.0040
0.7125 0.0749 0.0041
0.7175 0.0671 0.0039
0.7225 0.0589 0.0037
0.7275 0.0553 0.0036
0.7325 0.0639 0.0038
0.7375 0.0670 0.0039
0.7425 0.0709 0.0041
0.7475 0.0685 0.0040
0.7525 0.0724 0.0041
0.7575 0.0713 0.0041
0.7625 0.0827 0.0044
0.7675 0.0704 0.0041
0.7725 0.0644 0.0039
0.7775 0.0766 0.0043
0.7825 0.0702 0.0041
0.7875 0.0760 0.0042
0.7925 0.0742 0.0042
0.7975 0.0721 0.0041
0.8025 0.0684 0.0040
0.8075 0.0763 0.0042
0.8125 0.0839 0.0044
0.8175 0.0977 0.0048
0.8225 0.1390 0.0057
0.8275 0.0959 0.0048
0.8325 0.0908 0.0046
0.8375 0.0753 0.0042
0.8425 0.0790 0.0043
0.8475 0.0863 0.0046
0.8525 0.0779 0.0045
0.8575 0.0740 0.0046
0.8625 0.0765 0.0047
0.8675 0.0825 0.0050
0.8725 0.0814 0.0050
0.8775 0.0795 0.0050
0.8825 0.0866 0.0052
0.8875 0.0870 0.0051
0.8925 0.0855 0.0050
0.8975 0.0846 0.0050
0.9025 0.0912 0.0052
0.9075 0.0832 0.0049
0.9125 0.0905 0.0051
0.9175 0.0836 0.0049
0.9225 0.0877 0.0050
0.9275 0.0858 0.0050
0.9325 0.0847 0.0049
0.9375 0.0858 0.0050
0.9425 0.0886 0.0051
0.9475 0.0925 0.0051
0.9525 0.0948 0.0052
0.9575 0.0945 0.0052
0.9625 0.0897 0.0050
0.9675 0.0751 0.0047
0.9725 0.0825 0.0049
0.9775 0.0881 0.0051
0.9825 0.0984 0.0054
0.9875 0.1063 0.0057
0.9925 0.0929 0.0053
0.9975 0.1004 0.0056
1.0025 0.0888 0.0052
1.0075 0.0902 0.0053
1.0125 0.1025 0.0057
1.0175 0.0921 0.0054
1.0225 0.1019 0.0057
1.0275 0.0987 0.0056
1.0325 0.1163 0.0061
1.0375 0.1055 0.0058
1.0425 0.0911 0.0054
1.0475 0.1016 0.0057
1.0525 0.1034 0.0058
1.0575 0.1018 0.0057
1.0625 0.0976 0.0056
1.0675 0.0997 0.0056
1.0725 0.0976 0.0056
1.0775 0.0925 0.0054
1.0825 0.1022 0.0057
1.0875 0.1209 0.0062
1.0925 0.1160 0.0061
1.0975 0.1006 0.0057
1.1025 0.1143 0.0060
1.1075 0.1076 0.0059
1.1125 0.0968 0.0056
1.1175 0.1106 0.0060
1.1225 0.1144 0.0061
1.1275 0.1140 0.0061
1.1325 0.1134 0.0061
1.1375 0.1155 0.0061
1.1425 0.1261 0.0064
1.1475 0.1326 0.0066
1.1525 0.1203 0.0063
1.1575 0.1220 0.0063
1.1625 0.1306 0.0065
1.1675 0.1385 0.0067
1.1725 0.1337 0.0066
1.1775 0.1436 0.0069
1.1825 0.1418 0.0068
1.1875 0.1474 0.0069
1.1925 0.1501 0.0070
1.1975 0.1493 0.0069
