0.0525 0.0560 0.0117
0.0575 0.0683 0.0135
0.0625 0.0529 0.0125
0.0675 0.0450 0.0120
0.0725 0.0431 0.0113
0.0775 0.0530 0.0116
0.0825 0.0452 0.0104
0.0875 0.0594 0.0113
0.0925 0.0614 0.0110
0.0975 0.0862 0.0120
0.1025 0.0668 0.0100
0.1075 0.0727 0.0101
0.1125 0.0639 0.0092
0.1175 0.0616 0.0088
0.1225 0.0757 0.0095
0.1275 0.0787 0.0094
0.1325 0.0633 0.0082
0.1375 0.0783 0.0090
0.1425 0.0655 0.0080
0.1475 0.0796 0.0086
0.1525 0.0933 0.0091
0.1575 0.0867 0.0086
0.1625 0.1078 0.0095
0.1675 0.1183 0.0097
0.1725 0.1256 0.0098
0.1775 0.1442 0.0104
0.1825 0.1515 0.0105
0.1875 0.1838 0.0113
0.1925 0.4622 0.0178
0.1975 2.3549 0.0396
0.2025 2.8333 0.0424
0.2075 0.7399 0.0215
0.2125 0.3060 0.0136
0.2175 0.2595 0.0124
0.2225 0.2208 0.0113
0.2275 0.1971 0.0105
0.2325 0.1786 0.0099
0.2375 0.1677 0.0095
0.2425 0.1630 0.0092
0.2475 0.1490 0.0087
0.2525 0.1510 0.0087
0.2575 0.1336 0.0081
0.2625 0.1192 0.0076
0.2675 0.1206 0.0075
0.2725 0.1312 0.0078
0.2775 0.1039 0.0069
0.2825 0.1014 0.0067
0.2875 0.1148 0.0070
0.2925 0.1050 0.0067
0.2975 0.1046 0.0066
0.3025 0.0971 0.0063
0.3075 0.1004 0.0064
0.3125 0.1023 0.0065
0.3175 0.0942 0.0063
0.3225 0.1041 0.0066
0.3275 0.0904 0.0062
0.3325 0.1098 0.0068
0.3375 0.0856 0.0060
0.3425 0.0839 0.0059
0.3475 0.0941 0.0061
0.3525 0.1027 0.0063
0.3575 0.0941 0.0059
0.3625 0.0881 0.0057
0.3675 0.0920 0.0057
0.3725 0.0844 0.0054
0.3775 0.0897 0.0056
0.3825 0.0915 0.0056
0.3875 0.0845 0.0053
0.3925 0.0859 0.0053
0.3975 0.0941 0.0055
0.4025 0.0937 0.0054
0.4075 0.0870 0.0052
0.4125 0.0846 0.0051
0.4175 0.0836 0.0050
0.4225 0.0799 0.0048
0.4275 0.0757 0.0047
0.4325 0.0856 0.0049
0.4375 0.0811 0.0048
0.4425 0.0801 0.0047
0.4475 0.0824 0.0047
0.4525 0.0865 0.0048
0.4575 0.0796 0.0047
0.4625 0.0773 0.0047
0.4675 0.0799 0.0047
0.4725 0.0829 0.0049
0.4775 0.0740 0.0046
0.4825 0.0742 0.0046
0.4875 0.0869 0.0050
0.4925 0.0790 0.0047
0.4975 0.0819 0.0047
0.5025 0.0701 0.0043
0.5075 0.0663 0.0041
0.5125 0.0748 0.0044
0.5175 0.0867 0.0047
0.5225 0.0825 0.0045
0.5275 0.0708 0.0041
0.5325 0.0829 0.0045
0.5375 0.0810 0.0044
0.5425 0.0856 0.0045
0.5475 0.0680 0.0040
0.5525 0.0813 0.0043
0.5575 0.0822 0.0043
0.5625 0.0762 0.0041
0.5675 0.0649 0.0038
0.5725 0.0779 0.0041
0.5775 0.0754 0.0040
0.5825 0.0791 0.0041
0.5875 0.0777 0.0040
0.5925 0.0808 0.0041
0.5975 0.0700 0.0038
0.6025 0.0761 0.0040
0.6075 0.0823 0.0041
0.6125 0.0877 0.0044
0.6175 0.0822 0.0043
0.6225 0.0806 0.0042
0.6275 0.0823 0.0043
0.6325 0.0826 0.0043
0.6375 0.0910 0.0045
0.6425 0.0833 0.0043
0.6475 0.0899 0.0045
0.6525 0.0812 0.0043
0.6575 0.0829 0.0043
0.6625 0.0876 0.0044
0.6675 0.0788 0.0042
0.6725 0.0899 0.0045
0.6775 0.0882 0.0044
0.6825 0.0948 0.0046
0.6875 0.0881 0.0045
0.6925 0.0952 0.0047
0.6975 0.0901 0.0045
0.7025 0.0948 0.0047
0.7075 0.0899 0.0046
0.7125 0.0976 0.0047
0.7175 0.0932 0.0046
0.7225 0.0907 0.0046
0.7275 0.0805 0.0043
0.7325 0.0882 0.0045
0.7375 0.0895 0.0045
0.7425 0.0907 0.0046
0.7475 0.0913 0.0046
0.7525 0.0992 0.0048
0.7575 0.0911 0.0046
0.7625 0.1008 0.0049
0.7675 0.0914 0.0047
0.7725 0.0951 0.0048
0.7775 0.0953 0.0047
0.7825 0.0931 0.0047
0.7875 0.0988 0.0048
0.7925 0.0985 0.0048
0.7975 0.1009 0.0049
0.8025 0.0987 0.0048
0.8075 0.0953 0.0047
0.8125 0.1030 0.0049
0.8175 0.1080 0.0050
0.8225 0.1016 0.0049
0.8275 0.1053 0.0050
0.8325 0.1104 0.0051
0.8375 0.1035 0.0049
0.8425 0.1063 0.0050
0.8475 0.1129 0.0053
0.8525 0.0990 0.0051
0.8575 0.0972 0.0052
0.8625 0.1076 0.0056
0.8675 0.1114 0.0058
0.8725 0.0967 0.0055
0.8775 0.1068 0.0058
0.8825 0.1119 0.0059
0.8875 0.1152 0.0059
0.8925 0.1272 0.0061
0.8975 0.1152 0.0058
0.9025 0.1086 0.0056
0.9075 0.1121 0.0057
0.9125 0.1130 0.0057
0.9175 0.1238 0.0060
0.9225 0.1121 0.0057
0.9275 0.1181 0.0058
0.9325 0.1094 0.0056
0.9375 0.1124 0.0057
0.9425 0.1140 0.0057
0.9475 0.1183 0.0058
0.9525 0.1102 0.0056
0.9575 0.1096 0.0056
0.9625 0.1197 0.0058
0.9675 0.1205 0.0060
0.9725 0.1224 0.0059
0.9775 0.1142 0.0058
0.9825 0.1291 0.0062
0.9875 0.1282 0.0062
0.9925 0.1328 0.0064
0.9975 0.1241 0.0062
1.0025 0.1230 0.0062
1.0075 0.1274 0.0063
1.0125 0.1224 0.0062
1.0175 0.1324 0.0064
1.0225 0.1340 0.0065
1.0275 0.1305 0.0064
1.0325 0.1325 0.0065
1.0375 0.1439 0.0068
1.0425 0.1397 0.0067
1.0475 0.1319 0.0065
1.0525 0.1305 0.0065
1.0575 0.1377 0.0067
1.0625 0.1463 0.0068
1.0675 0.1397 0.0067
1.0725 0.1522 0.0070
1.0775 0.1441 0.0068
1.0825 0.1371 0.0066
1.0875 0.1486 0.0069
1.0925 0.1517 0.0070
1.0975 0.1624 0.0072
1.1025 0.1751 0.0075
1.1075 0.1593 0.0071
1.1125 0.1649 0.0073
1.1175 0.1664 0.0073
1.1225 0.1535 0.0071
1.1275 0.1562 0.0071
1.1325 0.1603 0.0072
1.1375 0.1630 0.0073
1.1425 0.1539 0.0071
1.1475 0.1775 0.0076
1.1525 0.1681 0.0074
1.1575 0.1779 0.0076
1.1625 0.1753 0.0076
1.1675 0.1686 0.0074
1.1725 0.1848 0.0078
1.1775 0.1825 0.0077
1.1825 0.1797 0.0077
1.1875 0.1828 0.0077
1.1925 0.1808 0.0076
1.1975 0.1778 0.0076
