0.0525 0.0707 0.0132
0.0575 0.0573 0.0124
0.0625 0.0736 0.0148
0.0675 0.0478 0.0124
0.0725 0.0715 0.0145
0.0775 0.0575 0.0120
0.0825 0.0478 0.0107
0.0875 0.0554 0.0109
0.0925 0.0751 0.0121
0.0975 0.0530 0.0094
0.1025 0.0606 0.0095
0.1075 0.0608 0.0092
0.1125 0.0612 0.0090
0.1175 0.0704 0.0094
0.1225 0.0600 0.0085
0.1275 0.0649 0.0086
0.1325 0.0614 0.0081
0.1375 0.0609 0.0079
0.1425 0.0567 0.0075
0.1475 0.0828 0.0088
0.1525 0.0722 0.0080
0.1575 0.0634 0.0074
0.1625 0.0947 0.0089
0.1675 0.0759 0.0078
0.1725 0.0842 0.0080
0.1775 0.1250 0.0097
0.1825 0.1405 0.0101
0.1875 0.1781 0.0111
0.1925 0.6934 0.0218
0.1975 2.5643 0.0414
0.2025 3.0123 0.0437
0.2075 1.1726 0.0271
0.2125 0.2618 0.0126
0.2175 0.2241 0.0115
0.2225 0.1907 0.0105
0.2275 0.1747 0.0099
0.2325 0.1586 0.0093
0.2375 0.1586 0.0092
0.2425 0.1500 0.0089
0.2475 0.1305 0.0082
0.2525 0.1381 0.0083
0.2575 0.1235 0.0078
0.2625 0.1202 0.0076
0.2675 0.1193 0.0075
0.2725 0.1155 0.0073
0.2775 0.1132 0.0072
0.2825 0.1123 0.0070
0.2875 0.1029 0.0066
0.2925 0.1041 0.0067
0.2975 0.1023 0.0065
0.3025 0.0879 0.0060
0.3075 0.1015 0.0064
0.3125 0.0897 0.0061
0.3175 0.0984 0.0064
0.3225 0.0901 0.0061
0.3275 0.0948 0.0063
0.3325 0.0904 0.0062
0.3375 0.0912 0.0062
0.3425 0.0994 0.0064
0.3475 0.0834 0.0057
0.3525 0.0919 0.0059
0.3575 0.0817 0.0055
0.3625 0.0945 0.0059
0.3675 0.0927 0.0057
0.3725 0.0874 0.0055
0.3775 0.0932 0.0057
0.3825 0.0829 0.0053
0.3875 0.0756 0.0050
0.3925 0.0984 0.0057
0.3975 0.0924 0.0054
0.4025 0.0931 0.0054
0.4075 0.0895 0.0052
0.4125 0.0881 0.0052
0.4175 0.0837 0.0050
0.4225 0.0784 0.0048
0.4275 0.0874 0.0050
0.4325 0.0835 0.0049
0.4375 0.0811 0.0048
0.4425 0.0789 0.0047
0.4475 0.0800 0.0047
0.4525 0.0810 0.0047
0.4575 0.0815 0.0047
0.4625 0.0821 0.0048
0.4675 0.0748 0.0046
0.4725 0.0817 0.0048
0.4775 0.0822 0.0048
0.4825 0.0830 0.0049
0.4875 0.0790 0.0047
0.4925 0.0869 0.0049
0.4975 0.0746 0.0045
0.5025 0.0767 0.0045
0.5075 0.0666 0.0042
0.5125 0.0761 0.0044
0.5175 0.0818 0.0045
0.5225 0.0791 0.0044
0.5275 0.0788 0.0044
0.5325 0.0767 0.0043
0.5375 0.0798 0.0043
0.5425 0.0781 0.0043
0.5475 0.0715 0.0041
0.5525 0.0806 0.0043
0.5575 0.0840 0.0044
0.5625 0.0787 0.0042
0.5675 0.0874 0.0044
0.5725 0.0798 0.0042
0.5775 0.0757 0.0040
0.5825 0.0727 0.0039
0.5875 0.0791 0.0041
0.5925 0.0873 0.0043
0.5975 0.0832 0.0041
0.6025 0.0726 0.0039
0.6075 0.0787 0.0040
0.6125 0.0772 0.0041
0.6175 0.0837 0.0043
0.6225 0.0777 0.0041
0.6275 0.0858 0.0044
0.6325 0.0854 0.0044
0.6375 0.0851 0.0044
0.6425 0.0916 0.0045
0.6475 0.0884 0.0044
0.6525 0.0950 0.0046
0.6575 0.0824 0.0043
0.6625 0.0907 0.0045
0.6675 0.0811 0.0042
0.6725 0.0871 0.0044
0.6775 0.0910 0.0045
0.6825 0.0883 0.0045
0.6875 0.0867 0.0045
0.6925 0.0772 0.0042
0.6975 0.0755 0.0042
0.7025 0.0886 0.0045
0.7075 0.0914 0.0046
0.7125 0.0879 0.0045
0.7175 0.0754 0.0041
0.7225 0.0874 0.0045
0.7275 0.0866 0.0045
0.7325 0.0915 0.0046
0.7375 0.0900 0.0045
0.7425 0.0944 0.0047
0.7475 0.0956 0.0048
0.7525 0.0931 0.0047
0.7575 0.0943 0.0047
0.7625 0.1031 0.0050
0.7675 0.0996 0.0049
0.7725 0.0926 0.0047
0.7775 0.0880 0.0046
0.7825 0.0971 0.0048
0.7875 0.0988 0.0048
0.7925 0.1064 0.0050
0.7975 0.0970 0.0048
0.8025 0.1046 0.0050
0.8075 0.1061 0.0050
0.8125 0.0986 0.0048
0.8175 0.0960 0.0047
0.8225 0.1054 0.0050
0.8275 0.1051 0.0050
0.8325 0.1032 0.0049
0.8375 0.1045 0.0049
0.8425 0.1048 0.0049
0.8475 0.1026 0.0050
0.8525 0.1005 0.0051
0.8575 0.1008 0.0053
0.8625 0.1068 0.0056
0.8675 0.1059 0.0057
0.8725 0.1099 0.0058
0.8775 0.1181 0.0061
0.8825 0.1201 0.0061
0.8875 0.1167 0.0059
0.8925 0.1186 0.0059
0.8975 0.1063 0.0056
0.9025 0.1094 0.0057
0.9075 0.1021 0.0054
0.9125 0.1123 0.0057
0.9175 0.1258 0.0060
0.9225 0.1078 0.0056
0.9275 0.1191 0.0059
0.9325 0.1129 0.0057
0.9375 0.1238 0.0060
0.9425 0.1220 0.0059
0.9475 0.1212 0.0059
0.9525 0.1188 0.0058
0.9575 0.1255 0.0060
0.9625 0.1235 0.0059
0.9675 0.1337 0.0063
0.9725 0.1136 0.0057
0.9775 0.1178 0.0059
0.9825 0.1237 0.0061
0.9875 0.1319 0.0063
0.9925 0.1294 0.0063
0.9975 0.1269 0.0062
1.0025 0.1335 0.0064
1.0075 0.1234 0.0062
1.0125 0.1343 0.0065
1.0175 0.1194 0.0061
1.0225 0.1339 0.0065
1.0275 0.1411 0.0067
1.0325 0.1399 0.0066
1.0375 0.1322 0.0065
1.0425 0.1370 0.0066
1.0475 0.1421 0.0068
1.0525 0.1421 0.0067
1.0575 0.1371 0.0066
1.0625 0.1395 0.0067
1.0675 0.1464 0.0068
1.0725 0.1367 0.0066
1.0775 0.1362 0.0066
1.0825 0.1429 0.0067
1.0875 0.1460 0.0068
1.0925 0.1507 0.0070
1.0975 0.1550 0.0071
1.1025 0.1506 0.0069
1.1075 0.1489 0.0069
1.1125 0.1627 0.0073
1.1175 0.1597 0.0072
1.1225 0.1616 0.0072
1.1275 0.1589 0.0072
1.1325 0.1615 0.0072
1.1375 0.1641 0.0073
1.1425 0.1622 0.0073
1.1475 0.1702 0.0074
1.1525 0.1658 0.0073
1.1575 0.1650 0.0073
1.1625 0.1849 0.0078
1.1675 0.1728 0.0075
1.1725 0.1766 0.0076
1.1775 0.1808 0.0077
1.1825 0.1794 0.0077
1.1875 0.1815 0.0077
1.1925 0.1852 0.0077
1.1975 0.1904 0.0078
