0.0525 0.0922 0.0151
0.0575 0.1002 0.0163
0.0625 0.0943 0.0168
0.0675 0.0891 0.0169
0.0725 0.0658 0.0139
0.0775 0.0412 0.0102
0.0825 0.0521 0.0112
0.0875 0.0364 0.0088
0.0925 0.0775 0.0123
0.0975 0.0529 0.0094
0.1025 0.0463 0.0083
0.1075 0.0517 0.0085
0.1125 0.0330 0.0066
0.1175 0.0415 0.0072
0.1225 0.0599 0.0085
0.1275 0.0484 0.0074
0.1325 0.0413 0.0066
0.1375 0.0489 0.0071
0.1425 0.0666 0.0081
0.1475 0.0647 0.0078
0.1525 0.0668 0.0077
0.1575 0.0664 0.0076
0.1625 0.0605 0.0071
0.1675 0.0495 0.0063
0.1725 0.0623 0.0069
0.1775 0.0889 0.0082
0.1825 0.1347 0.0099
0.1875 0.1728 0.0110
0.1925 0.4114 0.0168
0.1975 1.5004 0.0316
0.2025 2.3064 0.0382
0.2075 2.0471 0.0357
0.2125 1.2217 0.0272
0.2175 0.6460 0.0196
0.2225 0.4238 0.0156
0.2275 0.3064 0.0131
0.2325 0.2102 0.0107
0.2375 0.1343 0.0085
0.2425 0.1037 0.0074
0.2475 0.0866 0.0067
0.2525 0.0583 0.0054
0.2575 0.0688 0.0058
0.2625 0.0683 0.0057
0.2675 0.0671 0.0056
0.2725 0.1378 0.0079
0.2775 0.4130 0.0137
0.2825 0.4676 0.0144
0.2875 0.2314 0.0100
0.2925 0.1208 0.0072
0.2975 0.0957 0.0063
0.3025 0.0725 0.0054
0.3075 0.0638 0.0051
0.3125 0.0679 0.0053
0.3175 0.0594 0.0050
0.3225 0.0644 0.0052
0.3275 0.0494 0.0046
0.3325 0.0516 0.0047
0.3375 0.0473 0.0045
0.3425 0.0529 0.0047
0.3475 0.0584 0.0048
0.3525 0.0501 0.0044
0.3575 0.0315 0.0034
0.3625 0.0365 0.0037
0.3675 0.0448 0.0040
0.3725 0.0507 0.0042
0.3775 0.0495 0.0041
0.3825 0.0435 0.0038
0.3875 0.0490 0.0040
0.3925 0.0554 0.0042
0.3975 0.0820 0.0051
0.4025 0.1086 0.0058
0.4075 0.1170 0.0060
0.4125 0.0908 0.0052
0.4175 0.0724 0.0046
0.4225 0.0727 0.0046
0.4275 0.0715 0.0045
0.4325 0.0678 0.0044
0.4375 0.0584 0.0040
0.4425 0.0573 0.0040
0.4475 0.0533 0.0038
0.4525 0.0606 0.0040
0.4575 0.0568 0.0039
0.4625 0.0533 0.0039
0.4675 0.0537 0.0039
0.4725 0.0528 0.0039
0.4775 0.0538 0.0039
0.4825 0.0494 0.0037
0.4875 0.0493 0.0038
0.4925 0.0494 0.0037
0.4975 0.0480 0.0036
0.5025 0.0505 0.0036
0.5075 0.0465 0.0035
0.5125 0.0513 0.0036
0.5175 0.0542 0.0037
0.5225 0.0571 0.0038
0.5275 0.0551 0.0037
0.5325 0.0538 0.0036
0.5375 0.0566 0.0036
0.5425 0.0527 0.0035
0.5475 0.0457 0.0032
0.5525 0.0565 0.0036
0.5575 0.0505 0.0034
0.5625 0.0508 0.0034
0.5675 0.0465 0.0032
0.5725 0.0468 0.0032
0.5775 0.0567 0.0035
0.5825 0.0620 0.0036
0.5875 0.0521 0.0033
0.5925 0.0511 0.0033
0.5975 0.0602 0.0035
0.6025 0.0587 0.0035
0.6075 0.0603 0.0035
0.6125 0.0530 0.0034
0.6175 0.0659 0.0038
0.6225 0.0836 0.0043
0.6275 0.0834 0.0043
0.6325 0.0734 0.0041
0.6375 0.0549 0.0035
0.6425 0.0520 0.0034
0.6475 0.0640 0.0038
0.6525 0.0583 0.0036
0.6575 0.0564 0.0035
0.6625 0.0602 0.0037
0.6675 0.0676 0.0039
0.6725 0.0649 0.0038
0.6775 0.0608 0.0037
0.6825 0.0602 0.0037
0.6875 0.0617 0.0038
0.6925 0.0584 0.0037
0.6975 0.0633 0.0038
0.7025 0.0617 0.0038
0.7075 0.0701 0.0040
0.7125 0.0644 0.0038
0.7175 0.0621 0.0038
0.7225 0.0660 0.0039
0.7275 0.0620 0.0038
0.7325 0.0649 0.0039
0.7375 0.0639 0.0038
0.7425 0.0626 0.0038
0.7475 0.0683 0.0040
0.7525 0.0604 0.0038
0.7575 0.0640 0.0039
0.7625 0.0653 0.0039
0.7675 0.0684 0.0040
0.7725 0.0804 0.0044
0.7775 0.0668 0.0040
0.7825 0.0694 0.0041
0.7875 0.0689 0.0040
0.7925 0.0772 0.0043
0.7975 0.0668 0.0040
0.8025 0.0734 0.0042
0.8075 0.0777 0.0043
0.8125 0.0860 0.0045
0.8175 0.1070 0.0050
0.8225 0.1422 0.0058
0.8275 0.1006 0.0049
0.8325 0.0771 0.0042
0.8375 0.0789 0.0043
0.8425 0.0777 0.0043
0.8475 0.0813 0.0045
0.8525 0.0760 0.0045
0.8575 0.0790 0.0047
0.8625 0.0881 0.0051
0.8675 0.0805 0.0049
0.8725 0.0813 0.0050
0.8775 0.0904 0.0054
0.8825 0.0866 0.0052
0.8875 0.0866 0.0051
0.8925 0.0863 0.0051
0.8975 0.0910 0.0052
0.9025 0.0849 0.0050
0.9075 0.0904 0.0051
0.9125 0.0818 0.0049
0.9175 0.0912 0.0051
0.9225 0.0950 0.0052
0.9275 0.0937 0.0052
0.9325 0.0851 0.0049
0.9375 0.0900 0.0051
0.9425 0.0928 0.0052
0.9475 0.0959 0.0052
0.9525 0.0861 0.0050
0.9575 0.0882 0.0050
0.9625 0.0966 0.0052
0.9675 0.0965 0.0053
0.9725 0.0874 0.0050
0.9775 0.0899 0.0052
0.9825 0.0876 0.0051
0.9875 0.0838 0.0050
0.9925 0.0876 0.0052
0.9975 0.0823 0.0050
1.0025 0.0976 0.0055
1.0075 0.0858 0.0052
1.0125 0.0941 0.0054
1.0175 0.1080 0.0058
1.0225 0.1160 0.0060
1.0275 0.0949 0.0055
1.0325 0.1032 0.0057
1.0375 0.0966 0.0055
1.0425 0.0871 0.0053
1.0475 0.0995 0.0056
1.0525 0.1016 0.0057
1.0575 0.1050 0.0058
1.0625 0.1021 0.0057
1.0675 0.0932 0.0055
1.0725 0.1035 0.0057
1.0775 0.1077 0.0059
1.0825 0.1120 0.0060
1.0875 0.1081 0.0059
1.0925 0.1067 0.0059
1.0975 0.1029 0.0057
1.1025 0.1053 0.0058
1.1075 0.1198 0.0062
1.1125 0.1083 0.0059
1.1175 0.1187 0.0062
1.1225 0.1183 0.0062
1.1275 0.1132 0.0061
1.1325 0.1246 0.0064
1.1375 0.1124 0.0060
1.1425 0.1235 0.0063
1.1475 0.1171 0.0062
1.1525 0.1287 0.0065
1.1575 0.1320 0.0066
1.1625 0.1330 0.0066
1.1675 0.1403 0.0068
1.1725 0.1396 0.0068
1.1775 0.1395 0.0068
1.1825 0.1449 0.0069
1.1875 0.1438 0.0068
1.1925 0.1407 0.0067
1.1975 0.1374 0.0066
