0.0525 0.1039 0.0160
0.0575 0.0924 0.0157
0.0625 0.0883 0.0162
0.0675 0.0818 0.0162
0.0725 0.0682 0.0142
0.0775 0.0576 0.0120
0.0825 0.0669 0.0127
0.0875 0.0515 0.0105
0.0925 0.0501 0.0099
0.0975 0.0561 0.0097
0.1025 0.0506 0.0087
0.1075 0.0460 0.0080
0.1125 0.0574 0.0088
0.1175 0.0528 0.0082
0.1225 0.0429 0.0072
0.1275 0.0496 0.0075
0.1325 0.0380 0.0064
0.1375 0.0653 0.0082
0.1425 0.0471 0.0068
0.1475 0.0587 0.0074
0.1525 0.0579 0.0072
0.1575 0.0611 0.0073
0.1625 0.0770 0.0080
0.1675 0.0962 0.0088
0.1725 0.0861 0.0081
0.1775 0.0951 0.0085
0.1825 0.1142 0.0091
0.1875 0.1771 0.0111
0.1925 0.4229 0.0170
0.1975 1.5440 0.0321
0.2025 2.3937 0.0389
0.2075 2.0675 0.0359
0.2125 1.1843 0.0268
0.2175 0.6410 0.0195
0.2225 0.4008 0.0152
0.2275 0.3105 0.0132
0.2325 0.1996 0.0105
0.2375 0.1383 0.0086
0.2425 0.1317 0.0083
0.2475 0.0872 0.0067
0.2525 0.0685 0.0058
0.2575 0.0571 0.0053
0.2625 0.0578 0.0053
0.2675 0.0564 0.0051
0.2725 0.1180 0.0074
0.2775 0.4015 0.0135
0.2825 0.4254 0.0137
0.2875 0.2296 0.0099
0.2925 0.1228 0.0072
0.2975 0.0968 0.0064
0.3025 0.0677 0.0052
0.3075 0.0640 0.0051
0.3125 0.0600 0.0050
0.3175 0.0469 0.0044
0.3225 0.0577 0.0049
0.3275 0.0549 0.0048
0.3325 0.0454 0.0044
0.3375 0.0519 0.0047
0.3425 0.0468 0.0044
0.3475 0.0483 0.0044
0.3525 0.0424 0.0040
0.3575 0.0442 0.0041
0.3625 0.0507 0.0043
0.3675 0.0437 0.0039
0.3725 0.0454 0.0040
0.3775 0.0484 0.0041
0.3825 0.0526 0.0042
0.3875 0.0534 0.0042
0.3925 0.0684 0.0047
0.3975 0.0982 0.0056
0.4025 0.1071 0.0058
0.4075 0.1191 0.0061
0.4125 0.0963 0.0054
0.4175 0.0803 0.0049
0.4225 0.0750 0.0047
0.4275 0.0619 0.0042
0.4325 0.0713 0.0045
0.4375 0.0562 0.0040
0.4425 0.0645 0.0042
0.4475 0.0586 0.0040
0.4525 0.0550 0.0038
0.4575 0.0656 0.0042
0.4625 0.0517 0.0038
0.4675 0.0523 0.0038
0.4725 0.0485 0.0037
0.4775 0.0443 0.0036
0.4825 0.0457 0.0036
0.4875 0.0496 0.0038
0.4925 0.0492 0.0037
0.4975 0.0457 0.0035
0.5025 0.0464 0.0035
0.5075 0.0456 0.0034
0.5125 0.0488 0.0035
0.5175 0.0469 0.0034
0.5225 0.0484 0.0035
0.5275 0.0513 0.0035
0.5325 0.0555 0.0037
0.5375 0.0453 0.0033
0.5425 0.0524 0.0035
0.5475 0.0529 0.0035
0.5525 0.0528 0.0035
0.5575 0.0585 0.0036
0.5625 0.0650 0.0038
0.5675 0.0504 0.0033
0.5725 0.0521 0.0034
0.5775 0.0549 0.0034
0.5825 0.0598 0.0036
0.5875 0.0570 0.0035
0.5925 0.0550 0.0034
0.5975 0.0556 0.0034
0.6025 0.0516 0.0033
0.6075 0.0594 0.0035
0.6125 0.0585 0.0036
0.6175 0.0696 0.0039
0.6225 0.0824 0.0043
0.6275 0.0887 0.0044
0.6325 0.0665 0.0039
0.6375 0.0630 0.0037
0.6425 0.0560 0.0035
0.6475 0.0593 0.0036
0.6525 0.0567 0.0036
0.6575 0.0563 0.0035
0.6625 0.0608 0.0037
0.6675 0.0553 0.0035
0.6725 0.0576 0.0036
0.6775 0.0582 0.0036
0.6825 0.0665 0.0039
0.6875 0.0601 0.0037
0.6925 0.0563 0.0036
0.6975 0.0529 0.0035
0.7025 0.0631 0.0038
0.7075 0.0625 0.0038
0.7125 0.0711 0.0040
0.7175 0.0620 0.0038
0.7225 0.0637 0.0038
0.7275 0.0717 0.0041
0.7325 0.0695 0.0040
0.7375 0.0715 0.0040
0.7425 0.0668 0.0039
0.7475 0.0728 0.0041
0.7525 0.0655 0.0039
0.7575 0.0725 0.0041
0.7625 0.0687 0.0040
0.7675 0.0665 0.0040
0.7725 0.0734 0.0042
0.7775 0.0706 0.0041
0.7825 0.0701 0.0041
0.7875 0.0714 0.0041
0.7925 0.0744 0.0042
0.7975 0.0798 0.0043
0.8025 0.0699 0.0041
0.8075 0.0741 0.0042
0.8125 0.0850 0.0045
0.8175 0.1049 0.0050
0.8225 0.1301 0.0055
0.8275 0.1067 0.0050
0.8325 0.0846 0.0044
0.8375 0.0766 0.0042
0.8425 0.0842 0.0044
0.8475 0.0823 0.0045
0.8525 0.0823 0.0047
0.8575 0.0800 0.0047
0.8625 0.0784 0.0048
0.8675 0.0716 0.0046
0.8725 0.0810 0.0050
0.8775 0.0923 0.0054
0.8825 0.0857 0.0051
0.8875 0.0865 0.0051
0.8925 0.0933 0.0053
0.8975 0.0877 0.0051
0.9025 0.0872 0.0051
0.9075 0.0897 0.0051
0.9125 0.0927 0.0052
0.9175 0.0785 0.0048
0.9225 0.0835 0.0049
0.9275 0.1038 0.0055
0.9325 0.0883 0.0050
0.9375 0.0880 0.0050
0.9425 0.0906 0.0051
0.9475 0.0849 0.0049
0.9525 0.0928 0.0052
0.9575 0.0891 0.0050
0.9625 0.0976 0.0053
0.9675 0.0900 0.0052
0.9725 0.0912 0.0051
0.9775 0.0987 0.0054
0.9825 0.0866 0.0051
0.9875 0.0909 0.0052
0.9925 0.0911 0.0053
0.9975 0.0950 0.0054
1.0025 0.1017 0.0056
1.0075 0.0990 0.0055
1.0125 0.0937 0.0054
1.0175 0.1017 0.0056
1.0225 0.1024 0.0057
1.0275 0.1137 0.0060
1.0325 0.0968 0.0055
1.0375 0.1109 0.0059
1.0425 0.0898 0.0053
1.0475 0.0986 0.0056
1.0525 0.1007 0.0057
1.0575 0.1028 0.0058
1.0625 0.0985 0.0056
1.0675 0.1053 0.0058
1.0725 0.1132 0.0060
1.0775 0.1127 0.0060
1.0825 0.1193 0.0062
1.0875 0.1065 0.0058
1.0925 0.0994 0.0057
1.0975 0.1069 0.0059
1.1025 0.1177 0.0061
1.1075 0.1076 0.0059
1.1125 0.1178 0.0062
1.1175 0.1155 0.0061
1.1225 0.1142 0.0061
1.1275 0.1235 0.0063
1.1325 0.1265 0.0064
1.1375 0.1148 0.0061
1.1425 0.1306 0.0065
1.1475 0.1186 0.0062
1.1525 0.1201 0.0062
1.1575 0.1191 0.0062
1.1625 0.1228 0.0063
1.1675 0.1411 0.0068
1.1725 0.1325 0.0066
1.1775 0.1519 0.0071
1.1825 0.1618 0.0073
1.1875 0.1546 0.0071
1.1925 0.1481 0.0069
1.1975 0.1456 0.0068
