0.0525 0.1735 0.0206
0.0575 0.0924 0.0157
0.0625 0.0737 0.0148
0.0675 0.0865 0.0167
0.0725 0.0686 0.0142
0.0775 0.0325 0.0090
0.0825 0.0576 0.0118
0.0875 0.0762 0.0128
0.0925 0.0505 0.0099
0.0975 0.0737 0.0111
0.1025 0.0784 0.0108
0.1075 0.0743 0.0102
0.1125 0.0585 0.0088
0.1175 0.0756 0.0098
0.1225 0.1033 0.0112
0.1275 0.0865 0.0099
0.1325 0.0839 0.0095
0.1375 0.1119 0.0107
0.1425 0.1144 0.0106
0.1475 0.1039 0.0098
0.1525 0.1110 0.0100
0.1575 0.1308 0.0106
0.1625 0.1459 0.0110
0.1675 0.1647 0.0115
0.1725 0.1701 0.0114
0.1775 0.1897 0.0120
0.1825 0.2195 0.0126
0.1875 0.2244 0.0125
0.1925 0.2554 0.0132
0.1975 0.2742 0.0135
0.2025 0.2987 0.0138
0.2075 0.2518 0.0125
0.2125 0.2557 0.0125
0.2175 0.2405 0.0120
0.2225 0.2396 0.0117
0.2275 0.1902 0.0103
0.2325 0.1932 0.0103
0.2375 0.1817 0.0099
0.2425 0.1673 0.0094
0.2475 0.1764 0.0095
0.2525 0.1475 0.0086
0.2575 0.1492 0.0085
0.2625 0.1478 0.0084
0.2675 0.1393 0.0081
0.2725 0.1322 0.0078
0.2775 0.1368 0.0079
0.2825 0.1101 0.0070
0.2875 0.1221 0.0072
0.2925 0.1213 0.0072
0.2975 0.1242 0.0072
0.3025 0.1187 0.0069
0.3075 0.1020 0.0064
0.3125 0.1195 0.0071
0.3175 0.0982 0.0064
0.3225 0.1062 0.0067
0.3275 0.1034 0.0066
0.3325 0.1065 0.0067
0.3375 0.0979 0.0064
0.3425 0.1077 0.0067
0.3475 0.0971 0.0062
0.3525 0.1013 0.0062
0.3575 0.1050 0.0063
0.3625 0.0970 0.0060
0.3675 0.0893 0.0056
0.3725 0.0974 0.0058
0.3775 0.0930 0.0057
0.3825 0.1044 0.0059
0.3875 0.0986 0.0057
0.3925 0.0901 0.0054
0.3975 0.0958 0.0055
0.4025 0.0991 0.0056
0.4075 0.0925 0.0053
0.4125 0.0954 0.0054
0.4175 0.0957 0.0053
0.4225 0.0834 0.0049
0.4275 0.1011 0.0054
0.4325 0.0994 0.0053
0.4375 0.0794 0.0047
0.4425 0.0852 0.0048
0.4475 0.0849 0.0048
0.4525 0.0869 0.0048
0.4575 0.0827 0.0048
0.4625 0.0897 0.0050
0.4675 0.0979 0.0052
0.4725 0.0894 0.0050
0.4775 0.0980 0.0053
0.4825 0.0890 0.0050
0.4875 0.0885 0.0050
0.4925 0.0853 0.0049
0.4975 0.0816 0.0047
0.5025 0.0836 0.0047
0.5075 0.0805 0.0046
0.5125 0.0905 0.0048
0.5175 0.0865 0.0047
0.5225 0.0813 0.0045
0.5275 0.0806 0.0044
0.5325 0.0840 0.0045
0.5375 0.0835 0.0044
0.5425 0.0887 0.0046
0.5475 0.0859 0.0045
0.5525 0.0771 0.0042
0.5575 0.0851 0.0044
0.5625 0.0780 0.0042
0.5675 0.0776 0.0041
0.5725 0.0876 0.0044
0.5775 0.0872 0.0043
0.5825 0.0778 0.0041
0.5875 0.0862 0.0043
0.5925 0.0865 0.0042
0.5975 0.0864 0.0042
0.6025 0.0800 0.0041
0.6075 0.0790 0.0041
0.6125 0.0837 0.0043
0.6175 0.0827 0.0043
0.6225 0.0899 0.0045
0.6275 0.0893 0.0045
0.6325 0.0982 0.0047
0.6375 0.0797 0.0042
0.6425 0.1022 0.0048
0.6475 0.0890 0.0044
0.6525 0.0930 0.0046
0.6575 0.0964 0.0046
0.6625 0.0804 0.0042
0.6675 0.0949 0.0046
0.6725 0.0861 0.0044
0.6775 0.0925 0.0045
0.6825 0.1013 0.0048
0.6875 0.0917 0.0046
0.6925 0.0908 0.0046
0.6975 0.0915 0.0046
0.7025 0.0890 0.0045
0.7075 0.0916 0.0046
0.7125 0.0878 0.0045
0.7175 0.0938 0.0046
0.7225 0.0937 0.0046
0.7275 0.0985 0.0048
0.7325 0.0986 0.0048
0.7375 0.1015 0.0048
0.7425 0.0987 0.0048
0.7475 0.0974 0.0048
0.7525 0.1014 0.0049
0.7575 0.1010 0.0049
0.7625 0.0978 0.0048
0.7675 0.1006 0.0049
0.7725 0.1039 0.0050
0.7775 0.1045 0.0050
0.7825 0.1201 0.0053
0.7875 0.1066 0.0050
0.7925 0.1085 0.0051
0.7975 0.1061 0.0050
0.8025 0.1065 0.0050
0.8075 0.1063 0.0050
0.8125 0.1040 0.0049
0.8175 0.1089 0.0050
0.8225 0.1128 0.0051
0.8275 0.1139 0.0052
0.8325 0.1035 0.0049
0.8375 0.1107 0.0051
0.8425 0.1124 0.0051
0.8475 0.1152 0.0053
0.8525 0.1050 0.0053
0.8575 0.1056 0.0054
0.8625 0.1186 0.0059
0.8675 0.1223 0.0061
0.8725 0.1315 0.0064
0.8775 0.1060 0.0058
0.8825 0.1067 0.0057
0.8875 0.1179 0.0059
0.8925 0.1275 0.0062
0.8975 0.1228 0.0060
0.9025 0.1127 0.0057
0.9075 0.1181 0.0059
0.9125 0.1257 0.0060
0.9175 0.1151 0.0058
0.9225 0.1255 0.0060
0.9275 0.1290 0.0061
0.9325 0.1166 0.0058
0.9375 0.1262 0.0060
0.9425 0.1199 0.0059
0.9475 0.1312 0.0061
0.9525 0.1279 0.0061
0.9575 0.1388 0.0063
0.9625 0.1206 0.0058
0.9675 0.1357 0.0063
0.9725 0.1279 0.0061
0.9775 0.1398 0.0064
0.9825 0.1350 0.0064
0.9875 0.1288 0.0062
0.9925 0.1334 0.0064
0.9975 0.1298 0.0063
1.0025 0.1517 0.0068
1.0075 0.1359 0.0065
1.0125 0.1386 0.0066
1.0175 0.1297 0.0064
1.0225 0.1449 0.0068
1.0275 0.1472 0.0068
1.0325 0.1456 0.0068
1.0375 0.1417 0.0067
1.0425 0.1476 0.0069
1.0475 0.1640 0.0073
1.0525 0.1453 0.0068
1.0575 0.1535 0.0070
1.0625 0.1446 0.0068
1.0675 0.1392 0.0067
1.0725 0.1497 0.0069
1.0775 0.1469 0.0068
1.0825 0.1605 0.0071
1.0875 0.1675 0.0073
1.0925 0.1775 0.0076
1.0975 0.1586 0.0071
1.1025 0.1700 0.0074
1.1075 0.1720 0.0074
1.1125 0.1733 0.0075
1.1175 0.1573 0.0071
1.1225 0.1744 0.0075
1.1275 0.1656 0.0073
1.1325 0.1722 0.0075
1.1375 0.1792 0.0076
1.1425 0.1837 0.0077
1.1475 0.1791 0.0076
1.1525 0.1772 0.0076
1.1575 0.1916 0.0079
1.1625 0.1935 0.0079
1.1675 0.1944 0.0080
1.1725 0.1879 0.0078
1.1775 0.1952 0.0080
1.1825 0.1994 0.0081
1.1875 0.1909 0.0079
1.1925 0.2075 0.0082
1.1975 0.2086 0.0082
