0.0525 0.1247 0.0175
0.0575 0.0732 0.0140
0.0625 0.0585 0.0132
0.0675 0.0863 0.0167
0.0725 0.0752 0.0149
0.0775 0.0498 0.0112
0.0825 0.0816 0.0140
0.0875 0.0706 0.0123
0.0925 0.0600 0.0108
0.0975 0.0330 0.0074
0.1025 0.0490 0.0086
0.1075 0.0583 0.0091
0.1125 0.0466 0.0079
0.1175 0.0464 0.0076
0.1225 0.0574 0.0083
0.1275 0.0509 0.0076
0.1325 0.0422 0.0067
0.1375 0.0501 0.0072
0.1425 0.0410 0.0063
0.1475 0.0579 0.0074
0.1525 0.0499 0.0067
0.1575 0.0535 0.0068
0.1625 0.0664 0.0074
0.1675 0.0777 0.0079
0.1725 0.0737 0.0075
0.1775 0.1012 0.0088
0.1825 0.1255 0.0095
0.1875 0.1764 0.0111
0.1925 0.4423 0.0174
0.1975 1.5476 0.0321
0.2025 2.3065 0.0382
0.2075 2.0537 0.0358
0.2125 1.1616 0.0265
0.2175 0.6841 0.0202
0.2225 0.4283 0.0157
0.2275 0.2864 0.0127
0.2325 0.2116 0.0108
0.2375 0.1390 0.0086
0.2425 0.1014 0.0073
0.2475 0.0970 0.0070
0.2525 0.0887 0.0067
0.2575 0.0657 0.0057
0.2625 0.0662 0.0056
0.2675 0.0602 0.0053
0.2725 0.1373 0.0079
0.2775 0.4240 0.0139
0.2825 0.4458 0.0140
0.2875 0.2268 0.0099
0.2925 0.1301 0.0074
0.2975 0.0995 0.0065
0.3025 0.0713 0.0054
0.3075 0.0650 0.0051
0.3125 0.0634 0.0051
0.3175 0.0594 0.0050
0.3225 0.0531 0.0047
0.3275 0.0500 0.0046
0.3325 0.0537 0.0048
0.3375 0.0561 0.0049
0.3425 0.0500 0.0046
0.3475 0.0418 0.0041
0.3525 0.0386 0.0038
0.3575 0.0467 0.0042
0.3625 0.0551 0.0045
0.3675 0.0487 0.0042
0.3725 0.0427 0.0039
0.3775 0.0444 0.0039
0.3825 0.0449 0.0039
0.3875 0.0547 0.0043
0.3925 0.0671 0.0047
0.3975 0.0953 0.0055
0.4025 0.1146 0.0060
0.4075 0.1157 0.0060
0.4125 0.0988 0.0055
0.4175 0.0896 0.0052
0.4225 0.0768 0.0047
0.4275 0.0717 0.0045
0.4325 0.0699 0.0045
0.4375 0.0602 0.0041
0.4425 0.0528 0.0038
0.4475 0.0612 0.0041
0.4525 0.0587 0.0040
0.4575 0.0595 0.0040
0.4625 0.0545 0.0039
0.4675 0.0568 0.0040
0.4725 0.0573 0.0040
0.4775 0.0534 0.0039
0.4825 0.0553 0.0040
0.4875 0.0447 0.0036
0.4925 0.0524 0.0038
0.4975 0.0498 0.0037
0.5025 0.0536 0.0038
0.5075 0.0517 0.0037
0.5125 0.0506 0.0036
0.5175 0.0533 0.0037
0.5225 0.0438 0.0033
0.5275 0.0502 0.0035
0.5325 0.0463 0.0033
0.5375 0.0483 0.0034
0.5425 0.0463 0.0033
0.5475 0.0542 0.0035
0.5525 0.0548 0.0035
0.5575 0.0593 0.0037
0.5625 0.0516 0.0034
0.5675 0.0551 0.0035
0.5725 0.0505 0.0033
0.5775 0.0518 0.0033
0.5825 0.0513 0.0033
0.5875 0.0673 0.0038
0.5925 0.0575 0.0035
0.5975 0.0553 0.0034
0.6025 0.0545 0.0033
0.6075 0.0611 0.0036
0.6125 0.0651 0.0038
0.6175 0.0754 0.0041
0.6225 0.0789 0.0042
0.6275 0.0815 0.0043
0.6325 0.0672 0.0039
0.6375 0.0608 0.0037
0.6425 0.0616 0.0037
0.6475 0.0557 0.0035
0.6525 0.0565 0.0036
0.6575 0.0541 0.0035
0.6625 0.0559 0.0035
0.6675 0.0552 0.0035
0.6725 0.0591 0.0036
0.6775 0.0613 0.0037
0.6825 0.0613 0.0037
0.6875 0.0605 0.0037
0.6925 0.0588 0.0037
0.6975 0.0651 0.0039
0.7025 0.0679 0.0039
0.7075 0.0722 0.0041
0.7125 0.0741 0.0041
0.7175 0.0652 0.0039
0.7225 0.0677 0.0039
0.7275 0.0716 0.0041
0.7325 0.0684 0.0040
0.7375 0.0702 0.0040
0.7425 0.0665 0.0039
0.7475 0.0731 0.0042
0.7525 0.0660 0.0039
0.7575 0.0617 0.0038
0.7625 0.0730 0.0042
0.7675 0.0786 0.0043
0.7725 0.0724 0.0042
0.7775 0.0733 0.0042
0.7825 0.0726 0.0042
0.7875 0.0787 0.0043
0.7925 0.0706 0.0041
0.7975 0.0739 0.0042
0.8025 0.0695 0.0041
0.8075 0.0717 0.0041
0.8125 0.0765 0.0042
0.8175 0.0964 0.0047
0.8225 0.1273 0.0055
0.8275 0.1071 0.0050
0.8325 0.0873 0.0045
0.8375 0.0698 0.0040
0.8425 0.0797 0.0043
0.8475 0.0855 0.0046
0.8525 0.0832 0.0047
0.8575 0.0811 0.0048
0.8625 0.0811 0.0049
0.8675 0.0777 0.0048
0.8725 0.0840 0.0051
0.8775 0.0922 0.0054
0.8825 0.0820 0.0050
0.8875 0.0857 0.0051
0.8925 0.0783 0.0048
0.8975 0.0872 0.0051
0.9025 0.0720 0.0046
0.9075 0.0835 0.0049
0.9125 0.0865 0.0050
0.9175 0.0877 0.0050
0.9225 0.0795 0.0048
0.9275 0.0905 0.0051
0.9325 0.0872 0.0050
0.9375 0.0815 0.0048
0.9425 0.0889 0.0051
0.9475 0.0877 0.0050
0.9525 0.0845 0.0049
0.9575 0.0914 0.0051
0.9625 0.0776 0.0047
0.9675 0.0915 0.0052
0.9725 0.0911 0.0051
0.9775 0.0840 0.0050
0.9825 0.0972 0.0054
0.9875 0.0918 0.0053
0.9925 0.0896 0.0052
0.9975 0.0916 0.0053
1.0025 0.0848 0.0051
1.0075 0.1014 0.0056
1.0125 0.0962 0.0055
1.0175 0.1019 0.0056
1.0225 0.1124 0.0059
1.0275 0.1050 0.0058
1.0325 0.1019 0.0057
1.0375 0.0929 0.0054
1.0425 0.1028 0.0057
1.0475 0.1032 0.0058
1.0525 0.1130 0.0060
1.0575 0.1008 0.0057
1.0625 0.1002 0.0057
1.0675 0.1005 0.0057
1.0725 0.1164 0.0061
1.0775 0.0976 0.0056
1.0825 0.0958 0.0055
1.0875 0.1151 0.0061
1.0925 0.1021 0.0057
1.0975 0.1086 0.0059
1.1025 0.1058 0.0058
1.1075 0.1047 0.0058
1.1125 0.1038 0.0058
1.1175 0.1151 0.0061
1.1225 0.1162 0.0061
1.1275 0.1167 0.0061
1.1325 0.1073 0.0059
1.1375 0.1015 0.0057
1.1425 0.1279 0.0064
1.1475 0.1246 0.0064
1.1525 0.1153 0.0061
1.1575 0.1312 0.0066
1.1625 0.1360 0.0066
1.1675 0.1162 0.0062
1.1725 0.1380 0.0067
1.1775 0.1431 0.0069
1.1825 0.1306 0.0065
1.1875 0.1465 0.0069
1.1925 0.1539 0.0071
1.1975 0.1373 0.0066
