0.0525 0.0635 0.0125
0.0575 0.0796 0.0146
0.0625 0.0648 0.0139
0.0675 0.0534 0.0131
0.0725 0.0347 0.0101
0.0775 0.0540 0.0117
0.0825 0.0599 0.0120
0.0875 0.0684 0.0121
0.0925 0.0581 0.0107
0.0975 0.0525 0.0093
0.1025 0.0490 0.0085
0.1075 0.0559 0.0089
0.1125 0.0678 0.0095
0.1175 0.0664 0.0091
0.1225 0.0937 0.0106
0.1275 0.0939 0.0103
0.1325 0.0870 0.0096
0.1375 0.0998 0.0101
0.1425 0.0959 0.0097
0.1475 0.0948 0.0094
0.1525 0.1182 0.0103
0.1575 0.1227 0.0103
0.1625 0.1252 0.0102
0.1675 0.1479 0.0109
0.1725 0.1753 0.0116
0.1775 0.1939 0.0121
0.1825 0.2409 0.0132
0.1875 0.3180 0.0149
0.1925 0.4020 0.0166
0.1975 0.4231 0.0168
0.2025 0.4525 0.0169
0.2075 0.3906 0.0156
0.2125 0.3223 0.0140
0.2175 0.3061 0.0135
0.2225 0.2648 0.0123
0.2275 0.2157 0.0110
0.2325 0.1968 0.0104
0.2375 0.2023 0.0104
0.2425 0.1774 0.0096
0.2475 0.1774 0.0095
0.2525 0.1778 0.0094
0.2575 0.1658 0.0090
0.2625 0.1470 0.0084
0.2675 0.1397 0.0081
0.2725 0.1317 0.0078
0.2775 0.1361 0.0079
0.2825 0.1387 0.0078
0.2875 0.1298 0.0075
0.2925 0.1126 0.0069
0.2975 0.1142 0.0069
0.3025 0.1082 0.0066
0.3075 0.0883 0.0060
0.3125 0.1123 0.0069
0.3175 0.0998 0.0065
0.3225 0.1150 0.0069
0.3275 0.1028 0.0066
0.3325 0.0972 0.0064
0.3375 0.0982 0.0064
0.3425 0.1081 0.0067
0.3475 0.1083 0.0065
0.3525 0.1092 0.0065
0.3575 0.1144 0.0066
0.3625 0.1045 0.0062
0.3675 0.1016 0.0060
0.3725 0.0989 0.0059
0.3775 0.1038 0.0060
0.3825 0.0882 0.0055
0.3875 0.0998 0.0058
0.3925 0.0979 0.0056
0.3975 0.0972 0.0056
0.4025 0.0894 0.0053
0.4075 0.0850 0.0051
0.4125 0.1001 0.0055
0.4175 0.0952 0.0053
0.4225 0.1034 0.0055
0.4275 0.0965 0.0053
0.4325 0.0855 0.0049
0.4375 0.0849 0.0049
0.4425 0.0858 0.0049
0.4475 0.0890 0.0049
0.4525 0.0828 0.0047
0.4575 0.0891 0.0049
0.4625 0.0849 0.0049
0.4675 0.0983 0.0052
0.4725 0.0825 0.0048
0.4775 0.0906 0.0051
0.4825 0.1006 0.0053
0.4875 0.0885 0.0050
0.4925 0.0824 0.0048
0.4975 0.0807 0.0047
0.5025 0.0827 0.0047
0.5075 0.0782 0.0045
0.5125 0.0900 0.0048
0.5175 0.0908 0.0048
0.5225 0.0809 0.0045
0.5275 0.0824 0.0045
0.5325 0.0837 0.0045
0.5375 0.0780 0.0043
0.5425 0.0770 0.0042
0.5475 0.0875 0.0045
0.5525 0.0825 0.0043
0.5575 0.0911 0.0045
0.5625 0.0883 0.0044
0.5675 0.0833 0.0043
0.5725 0.0818 0.0042
0.5775 0.0791 0.0041
0.5825 0.0862 0.0043
0.5875 0.0839 0.0042
0.5925 0.0886 0.0043
0.5975 0.0828 0.0041
0.6025 0.0880 0.0042
0.6075 0.0886 0.0043
0.6125 0.0938 0.0045
0.6175 0.0843 0.0043
0.6225 0.0830 0.0043
0.6275 0.0801 0.0042
0.6325 0.0933 0.0046
0.6375 0.0846 0.0043
0.6425 0.0937 0.0046
0.6475 0.0824 0.0043
0.6525 0.0814 0.0043
0.6575 0.0931 0.0045
0.6625 0.0959 0.0046
0.6675 0.0944 0.0046
0.6725 0.0914 0.0045
0.6775 0.0949 0.0046
0.6825 0.0917 0.0046
0.6875 0.0966 0.0047
0.6925 0.0927 0.0046
0.6975 0.0889 0.0045
0.7025 0.0953 0.0047
0.7075 0.0931 0.0046
0.7125 0.0964 0.0047
0.7175 0.1032 0.0049
0.7225 0.1035 0.0049
0.7275 0.1022 0.0048
0.7325 0.0988 0.0048
0.7375 0.0981 0.0047
0.7425 0.0954 0.0047
0.7475 0.0932 0.0047
0.7525 0.0987 0.0048
0.7575 0.0951 0.0047
0.7625 0.1102 0.0051
0.7675 0.1051 0.0050
0.7725 0.0983 0.0048
0.7775 0.0999 0.0049
0.7825 0.1078 0.0051
0.7875 0.1010 0.0049
0.7925 0.1063 0.0050
0.7975 0.1112 0.0051
0.8025 0.1124 0.0052
0.8075 0.0985 0.0048
0.8125 0.1033 0.0049
0.8175 0.1055 0.0050
0.8225 0.1060 0.0050
0.8275 0.1098 0.0051
0.8325 0.1191 0.0053
0.8375 0.1070 0.0050
0.8425 0.1152 0.0052
0.8475 0.1184 0.0054
0.8525 0.1123 0.0054
0.8575 0.1118 0.0056
0.8625 0.1128 0.0057
0.8675 0.1084 0.0057
0.8725 0.1109 0.0059
0.8775 0.1153 0.0061
0.8825 0.1172 0.0060
0.8875 0.1122 0.0058
0.8925 0.1174 0.0059
0.8975 0.1222 0.0060
0.9025 0.1210 0.0060
0.9075 0.1233 0.0060
0.9125 0.1155 0.0058
0.9175 0.1278 0.0061
0.9225 0.1286 0.0061
0.9275 0.1215 0.0059
0.9325 0.1271 0.0060
0.9375 0.1309 0.0061
0.9425 0.1272 0.0061
0.9475 0.1278 0.0061
0.9525 0.1196 0.0059
0.9575 0.1257 0.0060
0.9625 0.1348 0.0062
0.9675 0.1261 0.0061
0.9725 0.1335 0.0062
0.9775 0.1237 0.0060
0.9825 0.1199 0.0060
0.9875 0.1289 0.0062
0.9925 0.1316 0.0063
0.9975 0.1363 0.0065
1.0025 0.1310 0.0064
1.0075 0.1490 0.0068
1.0125 0.1391 0.0066
1.0175 0.1341 0.0065
1.0225 0.1546 0.0070
1.0275 0.1384 0.0066
1.0325 0.1319 0.0065
1.0375 0.1466 0.0068
1.0425 0.1462 0.0068
1.0475 0.1504 0.0069
1.0525 0.1446 0.0068
1.0575 0.1404 0.0067
1.0625 0.1555 0.0071
1.0675 0.1569 0.0071
1.0725 0.1477 0.0069
1.0775 0.1516 0.0069
1.0825 0.1620 0.0072
1.0875 0.1634 0.0072
1.0925 0.1645 0.0073
1.0975 0.1590 0.0071
1.1025 0.1719 0.0074
1.1075 0.1762 0.0075
1.1125 0.1672 0.0074
1.1175 0.1546 0.0071
1.1225 0.1614 0.0072
1.1275 0.1794 0.0076
1.1325 0.1815 0.0077
1.1375 0.1759 0.0076
1.1425 0.1869 0.0078
1.1475 0.1818 0.0077
1.1525 0.1806 0.0077
1.1575 0.1848 0.0078
1.1625 0.1820 0.0077
1.1675 0.1968 0.0080
1.1725 0.1905 0.0079
1.1775 0.1923 0.0079
1.1825 0.1934 0.0080
1.1875 0.2011 0.0081
1.1925 0.1986 0.0080
1.1975 0.1994 0.0080
