0.0525 0.0998 0.0157
0.0575 0.0846 0.0150
0.0625 0.0474 0.0119
0.0675 0.0635 0.0143
0.0725 0.0755 0.0149
0.0775 0.0803 0.0142
0.0825 0.0828 0.0141
0.0875 0.0640 0.0117
0.0925 0.0598 0.0108
0.0975 0.0707 0.0108
0.1025 0.0639 0.0098
0.1075 0.0571 0.0090
0.1125 0.0891 0.0109
0.1175 0.0780 0.0099
0.1225 0.0948 0.0107
0.1275 0.1001 0.0106
0.1325 0.0997 0.0103
0.1375 0.0988 0.0101
0.1425 0.0942 0.0096
0.1475 0.1115 0.0102
0.1525 0.1383 0.0111
0.1575 0.1339 0.0107
0.1625 0.1227 0.0101
0.1675 0.1362 0.0105
0.1725 0.1781 0.0117
0.1775 0.2075 0.0125
0.1825 0.2347 0.0130
0.1875 0.2726 0.0138
0.1925 0.3097 0.0146
0.1975 0.2869 0.0138
0.2025 0.3354 0.0146
0.2075 0.3112 0.0139
0.2125 0.2859 0.0132
0.2175 0.2455 0.0121
0.2225 0.2417 0.0118
0.2275 0.2192 0.0111
0.2325 0.2058 0.0106
0.2375 0.2000 0.0104
0.2425 0.1845 0.0098
0.2475 0.1784 0.0095
0.2525 0.1684 0.0092
0.2575 0.1564 0.0087
0.2625 0.1431 0.0083
0.2675 0.1360 0.0080
0.2725 0.1277 0.0077
0.2775 0.1380 0.0079
0.2825 0.1313 0.0076
0.2875 0.1240 0.0073
0.2925 0.1386 0.0077
0.2975 0.1267 0.0073
0.3025 0.1111 0.0067
0.3075 0.1272 0.0072
0.3125 0.1120 0.0068
0.3175 0.1179 0.0070
0.3225 0.1120 0.0069
0.3275 0.1015 0.0065
0.3325 0.1125 0.0069
0.3375 0.1013 0.0065
0.3425 0.1081 0.0067
0.3475 0.0995 0.0063
0.3525 0.0982 0.0061
0.3575 0.1050 0.0063
0.3625 0.1011 0.0061
0.3675 0.1075 0.0062
0.3725 0.0996 0.0059
0.3775 0.0887 0.0055
0.3825 0.0978 0.0058
0.3875 0.0906 0.0055
0.3925 0.0964 0.0056
0.3975 0.0988 0.0056
0.4025 0.0985 0.0056
0.4075 0.0947 0.0054
0.4125 0.0991 0.0055
0.4175 0.0840 0.0050
0.4225 0.0891 0.0051
0.4275 0.0964 0.0053
0.4325 0.0908 0.0051
0.4375 0.0944 0.0051
0.4425 0.0890 0.0050
0.4475 0.0794 0.0047
0.4525 0.0863 0.0048
0.4575 0.0912 0.0050
0.4625 0.0849 0.0049
0.4675 0.0901 0.0050
0.4725 0.0895 0.0050
0.4775 0.0980 0.0053
0.4825 0.0891 0.0050
0.4875 0.0833 0.0049
0.4925 0.0859 0.0049
0.4975 0.0763 0.0045
0.5025 0.0851 0.0047
0.5075 0.0948 0.0050
0.5125 0.0892 0.0048
0.5175 0.0885 0.0047
0.5225 0.0795 0.0044
0.5275 0.0818 0.0045
0.5325 0.0934 0.0047
0.5375 0.0889 0.0046
0.5425 0.0753 0.0042
0.5475 0.0860 0.0045
0.5525 0.0819 0.0043
0.5575 0.0914 0.0045
0.5625 0.0880 0.0044
0.5675 0.0767 0.0041
0.5725 0.0880 0.0044
0.5775 0.0784 0.0041
0.5825 0.0871 0.0043
0.5875 0.0917 0.0044
0.5925 0.0939 0.0044
0.5975 0.0797 0.0041
0.6025 0.0809 0.0041
0.6075 0.0893 0.0043
0.6125 0.0889 0.0044
0.6175 0.0830 0.0043
0.6225 0.0931 0.0045
0.6275 0.0879 0.0044
0.6325 0.0907 0.0045
0.6375 0.0865 0.0044
0.6425 0.0900 0.0045
0.6475 0.0926 0.0045
0.6525 0.0821 0.0043
0.6575 0.0810 0.0042
0.6625 0.0891 0.0044
0.6675 0.0935 0.0046
0.6725 0.0932 0.0045
0.6775 0.0808 0.0042
0.6825 0.0885 0.0045
0.6875 0.0848 0.0044
0.6925 0.0980 0.0047
0.6975 0.0913 0.0046
0.7025 0.0936 0.0046
0.7075 0.0999 0.0048
0.7125 0.0821 0.0043
0.7175 0.0936 0.0046
0.7225 0.0944 0.0046
0.7275 0.0917 0.0046
0.7325 0.0992 0.0048
0.7375 0.1018 0.0048
0.7425 0.1001 0.0048
0.7475 0.1079 0.0050
0.7525 0.0979 0.0048
0.7575 0.1033 0.0049
0.7625 0.1058 0.0050
0.7675 0.1109 0.0051
0.7725 0.1028 0.0049
0.7775 0.1072 0.0050
0.7825 0.0937 0.0047
0.7875 0.1058 0.0050
0.7925 0.1055 0.0050
0.7975 0.0976 0.0048
0.8025 0.0975 0.0048
0.8075 0.1087 0.0051
0.8125 0.1016 0.0049
0.8175 0.1133 0.0051
0.8225 0.1130 0.0052
0.8275 0.1087 0.0051
0.8325 0.1113 0.0051
0.8375 0.1032 0.0049
0.8425 0.1123 0.0051
0.8475 0.1064 0.0051
0.8525 0.1205 0.0056
0.8575 0.1229 0.0059
0.8625 0.1152 0.0058
0.8675 0.1150 0.0059
0.8725 0.1082 0.0058
0.8775 0.1131 0.0060
0.8825 0.1112 0.0058
0.8875 0.1190 0.0060
0.8925 0.1081 0.0057
0.8975 0.1265 0.0061
0.9025 0.1144 0.0058
0.9075 0.1221 0.0060
0.9125 0.1256 0.0060
0.9175 0.1144 0.0058
0.9225 0.1081 0.0056
0.9275 0.1210 0.0059
0.9325 0.1358 0.0062
0.9375 0.1236 0.0060
0.9425 0.1285 0.0061
0.9475 0.1237 0.0060
0.9525 0.1286 0.0061
0.9575 0.1175 0.0058
0.9625 0.1374 0.0062
0.9675 0.1357 0.0063
0.9725 0.1263 0.0060
0.9775 0.1622 0.0069
0.9825 0.1290 0.0062
0.9875 0.1357 0.0064
0.9925 0.1399 0.0065
0.9975 0.1438 0.0066
1.0025 0.1321 0.0064
1.0075 0.1356 0.0065
1.0125 0.1465 0.0068
1.0175 0.1526 0.0069
1.0225 0.1396 0.0066
1.0275 0.1391 0.0066
1.0325 0.1518 0.0069
1.0375 0.1457 0.0068
1.0425 0.1441 0.0068
1.0475 0.1445 0.0068
1.0525 0.1530 0.0070
1.0575 0.1533 0.0070
1.0625 0.1519 0.0070
1.0675 0.1543 0.0070
1.0725 0.1626 0.0072
1.0775 0.1649 0.0072
1.0825 0.1492 0.0069
1.0875 0.1647 0.0073
1.0925 0.1533 0.0070
1.0975 0.1591 0.0071
1.1025 0.1712 0.0074
1.1075 0.1667 0.0073
1.1125 0.1835 0.0077
1.1175 0.1685 0.0074
1.1225 0.1592 0.0072
1.1275 0.1639 0.0073
1.1325 0.1737 0.0075
1.1375 0.1782 0.0076
1.1425 0.1798 0.0076
1.1475 0.1764 0.0076
1.1525 0.1843 0.0077
1.1575 0.1765 0.0076
1.1625 0.1838 0.0077
1.1675 0.1998 0.0081
1.1725 0.2082 0.0082
1.1775 0.2015 0.0081
1.1825 0.1954 0.0080
1.1875 0.1984 0.0080
1.1925 0.1988 0.0080
1.1975 0.1949 0.0079
