0.0525 0.0877 0.0147
0.0575 0.0553 0.0121
0.0625 0.0855 0.0159
0.0675 0.1120 0.0190
0.0725 0.0660 0.0139
0.0775 0.0699 0.0133
0.0825 0.0642 0.0124
0.0875 0.0659 0.0119
0.0925 0.0618 0.0110
0.0975 0.0595 0.0099
0.1025 0.0491 0.0086
0.1075 0.0654 0.0096
0.1125 0.0638 0.0092
0.1175 0.0678 0.0092
0.1225 0.0612 0.0086
0.1275 0.0784 0.0094
0.1325 0.0847 0.0095
0.1375 0.0865 0.0094
0.1425 0.0915 0.0095
0.1475 0.0871 0.0090
0.1525 0.0964 0.0093
0.1575 0.0845 0.0085
0.1625 0.1135 0.0097
0.1675 0.1097 0.0094
0.1725 0.1351 0.0102
0.1775 0.1543 0.0108
0.1825 0.1570 0.0107
0.1875 0.1925 0.0116
0.1925 0.5019 0.0185
0.1975 2.3440 0.0395
0.2025 2.7836 0.0420
0.2075 0.7137 0.0211
0.2125 0.3172 0.0139
0.2175 0.2441 0.0120
0.2225 0.2022 0.0108
0.2275 0.1906 0.0103
0.2325 0.1733 0.0098
0.2375 0.1550 0.0091
0.2425 0.1549 0.0090
0.2475 0.1397 0.0084
0.2525 0.1437 0.0085
0.2575 0.1246 0.0078
0.2625 0.1299 0.0079
0.2675 0.1254 0.0077
0.2725 0.1172 0.0073
0.2775 0.1207 0.0074
0.2825 0.1099 0.0070
0.2875 0.1164 0.0071
0.2925 0.1068 0.0067
0.2975 0.0922 0.0062
0.3025 0.1036 0.0065
0.3075 0.1061 0.0066
0.3125 0.1042 0.0066
0.3175 0.1075 0.0067
0.3225 0.1074 0.0067
0.3275 0.1107 0.0068
0.3325 0.1021 0.0066
0.3375 0.0865 0.0060
0.3425 0.0976 0.0064
0.3475 0.0945 0.0061
0.3525 0.0927 0.0060
0.3575 0.0933 0.0059
0.3625 0.0868 0.0056
0.3675 0.0939 0.0058
0.3725 0.0991 0.0059
0.3775 0.0886 0.0055
0.3825 0.0835 0.0053
0.3875 0.0878 0.0054
0.3925 0.0882 0.0054
0.3975 0.0733 0.0048
0.4025 0.0837 0.0051
0.4075 0.0885 0.0052
0.4125 0.0863 0.0051
0.4175 0.0891 0.0052
0.4225 0.0842 0.0050
0.4275 0.0693 0.0045
0.4325 0.0882 0.0050
0.4375 0.0771 0.0046
0.4425 0.0814 0.0047
0.4475 0.0717 0.0044
0.4525 0.0816 0.0047
0.4575 0.0808 0.0047
0.4625 0.0810 0.0048
0.4675 0.0796 0.0047
0.4725 0.0780 0.0047
0.4775 0.0932 0.0052
0.4825 0.0786 0.0047
0.4875 0.0809 0.0048
0.4925 0.0777 0.0047
0.4975 0.0754 0.0045
0.5025 0.0777 0.0045
0.5075 0.0757 0.0044
0.5125 0.0787 0.0045
0.5175 0.0795 0.0045
0.5225 0.0644 0.0040
0.5275 0.0810 0.0044
0.5325 0.0835 0.0045
0.5375 0.0791 0.0043
0.5425 0.0767 0.0042
0.5475 0.0828 0.0044
0.5525 0.0764 0.0042
0.5575 0.0794 0.0042
0.5625 0.0778 0.0041
0.5675 0.0749 0.0041
0.5725 0.0682 0.0039
0.5775 0.0816 0.0042
0.5825 0.0727 0.0039
0.5875 0.0800 0.0041
0.5925 0.0701 0.0038
0.5975 0.0815 0.0041
0.6025 0.0831 0.0041
0.6075 0.0866 0.0042
0.6125 0.0817 0.0042
0.6175 0.0858 0.0044
0.6225 0.0778 0.0041
0.6275 0.0826 0.0043
0.6325 0.0891 0.0045
0.6375 0.0837 0.0043
0.6425 0.0856 0.0044
0.6475 0.0886 0.0044
0.6525 0.0832 0.0043
0.6575 0.0860 0.0044
0.6625 0.0812 0.0042
0.6675 0.0907 0.0045
0.6725 0.0841 0.0043
0.6775 0.0881 0.0044
0.6825 0.0910 0.0045
0.6875 0.0852 0.0044
0.6925 0.0857 0.0044
0.6975 0.0871 0.0045
0.7025 0.0883 0.0045
0.7075 0.0918 0.0046
0.7125 0.0897 0.0045
0.7175 0.0983 0.0047
0.7225 0.0887 0.0045
0.7275 0.0894 0.0045
0.7325 0.0876 0.0045
0.7375 0.0916 0.0046
0.7425 0.0860 0.0045
0.7475 0.0953 0.0047
0.7525 0.0969 0.0048
0.7575 0.0997 0.0048
0.7625 0.1039 0.0050
0.7675 0.0988 0.0048
0.7725 0.1011 0.0049
0.7775 0.0952 0.0047
0.7825 0.1028 0.0049
0.7875 0.1005 0.0049
0.7925 0.0942 0.0047
0.7975 0.1024 0.0049
0.8025 0.1057 0.0050
0.8075 0.1113 0.0051
0.8125 0.1188 0.0053
0.8175 0.1052 0.0050
0.8225 0.1040 0.0049
0.8275 0.0996 0.0048
0.8325 0.1077 0.0050
0.8375 0.1076 0.0050
0.8425 0.1019 0.0049
0.8475 0.0927 0.0048
0.8525 0.1112 0.0054
0.8575 0.1059 0.0055
0.8625 0.1142 0.0058
0.8675 0.1036 0.0056
0.8725 0.1116 0.0059
0.8775 0.1087 0.0059
0.8825 0.1149 0.0059
0.8875 0.1128 0.0058
0.8925 0.1215 0.0060
0.8975 0.1224 0.0060
0.9025 0.1080 0.0056
0.9075 0.1182 0.0059
0.9125 0.1061 0.0055
0.9175 0.1208 0.0059
0.9225 0.1165 0.0058
0.9275 0.1169 0.0058
0.9325 0.1080 0.0056
0.9375 0.1266 0.0060
0.9425 0.1250 0.0060
0.9475 0.1219 0.0059
0.9525 0.1328 0.0062
0.9575 0.1308 0.0061
0.9625 0.1258 0.0060
0.9675 0.1220 0.0060
0.9725 0.1243 0.0060
0.9775 0.1159 0.0059
0.9825 0.1377 0.0064
0.9875 0.1182 0.0060
0.9925 0.1182 0.0060
0.9975 0.1199 0.0061
1.0025 0.1283 0.0063
1.0075 0.1196 0.0061
1.0125 0.1265 0.0063
1.0175 0.1308 0.0064
1.0225 0.1315 0.0064
1.0275 0.1427 0.0067
1.0325 0.1266 0.0063
1.0375 0.1318 0.0065
1.0425 0.1339 0.0065
1.0475 0.1415 0.0067
1.0525 0.1402 0.0067
1.0575 0.1460 0.0069
1.0625 0.1430 0.0068
1.0675 0.1509 0.0069
1.0725 0.1549 0.0070
1.0775 0.1420 0.0067
1.0825 0.1355 0.0066
1.0875 0.1651 0.0073
1.0925 0.1636 0.0073
1.0975 0.1635 0.0072
1.1025 0.1513 0.0070
1.1075 0.1612 0.0072
1.1125 0.1572 0.0071
1.1175 0.1522 0.0070
1.1225 0.1677 0.0074
1.1275 0.1645 0.0073
1.1325 0.1671 0.0074
1.1375 0.1612 0.0072
1.1425 0.1710 0.0074
1.1475 0.1730 0.0075
1.1525 0.1667 0.0074
1.1575 0.1775 0.0076
1.1625 0.1666 0.0074
1.1675 0.1806 0.0077
1.1725 0.1842 0.0078
1.1775 0.1583 0.0072
1.1825 0.1891 0.0079
1.1875 0.1830 0.0077
1.1925 0.2017 0.0081
1.1975 0.1813 0.0076
