0.0525 0.0756 0.0136
0.0575 0.1161 0.0176
0.0625 0.1032 0.0175
0.0675 0.0732 0.0153
0.0725 0.0693 0.0143
0.0775 0.0870 0.0148
0.0825 0.0970 0.0153
0.0875 0.0722 0.0124
0.0925 0.0745 0.0121
0.0975 0.0852 0.0119
0.1025 0.0491 0.0086
0.1075 0.0476 0.0082
0.1125 0.0413 0.0074
0.1175 0.0325 0.0064
0.1225 0.0577 0.0083
0.1275 0.0551 0.0079
0.1325 0.0539 0.0076
0.1375 0.0498 0.0071
0.1425 0.0617 0.0078
0.1475 0.0592 0.0074
0.1525 0.0501 0.0067
0.1575 0.0672 0.0076
0.1625 0.0688 0.0076
0.1675 0.0783 0.0079
0.1725 0.0869 0.0081
0.1775 0.0994 0.0087
0.1825 0.1400 0.0101
0.1875 0.1990 0.0118
0.1925 0.4303 0.0172
0.1975 1.5788 0.0325
0.2025 2.3108 0.0383
0.2075 1.9720 0.0351
0.2125 1.1269 0.0261
0.2175 0.6089 0.0190
0.2225 0.4539 0.0161
0.2275 0.2898 0.0127
0.2325 0.1959 0.0104
0.2375 0.1454 0.0088
0.2425 0.1322 0.0083
0.2475 0.1209 0.0079
0.2525 0.0788 0.0063
0.2575 0.0585 0.0053
0.2625 0.0628 0.0055
0.2675 0.0629 0.0054
0.2725 0.1359 0.0079
0.2775 0.3881 0.0133
0.2825 0.4310 0.0138
0.2875 0.2240 0.0098
0.2925 0.1234 0.0072
0.2975 0.1075 0.0067
0.3025 0.0846 0.0059
0.3075 0.0664 0.0052
0.3125 0.0639 0.0052
0.3175 0.0585 0.0050
0.3225 0.0578 0.0049
0.3275 0.0458 0.0044
0.3325 0.0549 0.0048
0.3375 0.0426 0.0042
0.3425 0.0530 0.0047
0.3475 0.0437 0.0042
0.3525 0.0438 0.0041
0.3575 0.0462 0.0042
0.3625 0.0449 0.0041
0.3675 0.0437 0.0039
0.3725 0.0506 0.0042
0.3775 0.0457 0.0040
0.3825 0.0463 0.0040
0.3875 0.0618 0.0045
0.3925 0.0656 0.0046
0.3975 0.0886 0.0053
0.4025 0.1197 0.0061
0.4075 0.1006 0.0056
0.4125 0.1003 0.0055
0.4175 0.0884 0.0051
0.4225 0.0740 0.0047
0.4275 0.0626 0.0042
0.4325 0.0691 0.0044
0.4375 0.0587 0.0041
0.4425 0.0721 0.0045
0.4475 0.0598 0.0040
0.4525 0.0612 0.0041
0.4575 0.0577 0.0040
0.4625 0.0517 0.0038
0.4675 0.0571 0.0040
0.4725 0.0500 0.0038
0.4775 0.0480 0.0037
0.4825 0.0440 0.0035
0.4875 0.0523 0.0039
0.4925 0.0541 0.0039
0.4975 0.0441 0.0035
0.5025 0.0496 0.0036
0.5075 0.0523 0.0037
0.5125 0.0523 0.0036
0.5175 0.0545 0.0037
0.5225 0.0496 0.0035
0.5275 0.0460 0.0033
0.5325 0.0525 0.0036
0.5375 0.0507 0.0035
0.5425 0.0453 0.0033
0.5475 0.0500 0.0034
0.5525 0.0500 0.0034
0.5575 0.0559 0.0036
0.5625 0.0532 0.0034
0.5675 0.0483 0.0033
0.5725 0.0544 0.0034
0.5775 0.0526 0.0034
0.5825 0.0552 0.0034
0.5875 0.0537 0.0034
0.5925 0.0573 0.0035
0.5975 0.0567 0.0034
0.6025 0.0549 0.0034
0.6075 0.0572 0.0035
0.6125 0.0605 0.0036
0.6175 0.0642 0.0038
0.6225 0.0861 0.0044
0.6275 0.0903 0.0045
0.6325 0.0680 0.0039
0.6375 0.0574 0.0036
0.6425 0.0565 0.0035
0.6475 0.0527 0.0034
0.6525 0.0654 0.0038
0.6575 0.0667 0.0038
0.6625 0.0623 0.0037
0.6675 0.0700 0.0039
0.6725 0.0567 0.0035
0.6775 0.0621 0.0037
0.6825 0.0662 0.0039
0.6875 0.0582 0.0036
0.6925 0.0631 0.0038
0.6975 0.0681 0.0040
0.7025 0.0621 0.0038
0.7075 0.0655 0.0039
0.7125 0.0629 0.0038
0.7175 0.0581 0.0036
0.7225 0.0654 0.0039
0.7275 0.0675 0.0039
0.7325 0.0670 0.0039
0.7375 0.0754 0.0041
0.7425 0.0664 0.0039
0.7475 0.0689 0.0040
0.7525 0.0655 0.0039
0.7575 0.0690 0.0040
0.7625 0.0680 0.0040
0.7675 0.0720 0.0041
0.7725 0.0668 0.0040
0.7775 0.0697 0.0041
0.7825 0.0701 0.0041
0.7875 0.0794 0.0043
0.7925 0.0747 0.0042
0.7975 0.0731 0.0041
0.8025 0.0706 0.0041
0.8075 0.0737 0.0042
0.8125 0.0784 0.0043
0.8175 0.1003 0.0048
0.8225 0.1320 0.0056
0.8275 0.0982 0.0048
0.8325 0.0736 0.0041
0.8375 0.0796 0.0043
0.8425 0.0731 0.0041
0.8475 0.0723 0.0042
0.8525 0.0760 0.0045
0.8575 0.0799 0.0047
0.8625 0.0751 0.0047
0.8675 0.0873 0.0051
0.8725 0.0875 0.0052
0.8775 0.0808 0.0051
0.8825 0.0940 0.0054
0.8875 0.0786 0.0049
0.8925 0.0853 0.0050
0.8975 0.0950 0.0053
0.9025 0.0836 0.0050
0.9075 0.0916 0.0052
0.9125 0.0923 0.0052
0.9175 0.0885 0.0051
0.9225 0.0939 0.0052
0.9275 0.0843 0.0049
0.9325 0.0878 0.0050
0.9375 0.0867 0.0050
0.9425 0.0950 0.0052
0.9475 0.0889 0.0050
0.9525 0.0930 0.0052
0.9575 0.0897 0.0051
0.9625 0.0895 0.0050
0.9675 0.0880 0.0051
0.9725 0.0871 0.0050
0.9775 0.0982 0.0054
0.9825 0.0831 0.0050
0.9875 0.0884 0.0052
0.9925 0.0886 0.0052
0.9975 0.1006 0.0056
1.0025 0.0939 0.0054
1.0075 0.0980 0.0055
1.0125 0.1067 0.0058
1.0175 0.1078 0.0058
1.0225 0.1086 0.0058
1.0275 0.1133 0.0060
1.0325 0.1158 0.0061
1.0375 0.1055 0.0058
1.0425 0.1068 0.0058
1.0475 0.0925 0.0054
1.0525 0.1103 0.0059
1.0575 0.1077 0.0059
1.0625 0.0982 0.0056
1.0675 0.1065 0.0058
1.0725 0.1071 0.0058
1.0775 0.0962 0.0055
1.0825 0.1003 0.0057
1.0875 0.1112 0.0060
1.0925 0.1001 0.0057
1.0975 0.1110 0.0060
1.1025 0.1060 0.0058
1.1075 0.1156 0.0061
1.1125 0.1122 0.0060
1.1175 0.1064 0.0059
1.1225 0.1111 0.0060
1.1275 0.1355 0.0066
1.1325 0.1207 0.0063
1.1375 0.1069 0.0059
1.1425 0.1187 0.0062
1.1475 0.1213 0.0063
1.1525 0.1304 0.0065
1.1575 0.1301 0.0065
1.1625 0.1329 0.0066
1.1675 0.1324 0.0066
1.1725 0.1350 0.0066
1.1775 0.1480 0.0070
1.1825 0.1513 0.0070
1.1875 0.1466 0.0069
1.1925 0.1499 0.0070
1.1975 0.1412 0.0067
