0.0525 0.0833 0.0143
0.0575 0.0734 0.0140
0.0625 0.0978 0.0171
0.0675 0.0789 0.0159
0.0725 0.0834 0.0157
0.0775 0.0641 0.0127
0.0825 0.0665 0.0126
0.0875 0.0728 0.0125
0.0925 0.0562 0.0105
0.0975 0.0737 0.0111
0.1025 0.0594 0.0094
0.1075 0.0627 0.0094
0.1125 0.0771 0.0101
0.1175 0.0839 0.0103
0.1225 0.0794 0.0098
0.1275 0.0988 0.0106
0.1325 0.0861 0.0096
0.1375 0.0874 0.0095
0.1425 0.0888 0.0093
0.1475 0.0901 0.0092
0.1525 0.1002 0.0095
0.1575 0.1191 0.0101
0.1625 0.1535 0.0113
0.1675 0.1640 0.0115
0.1725 0.2051 0.0125
0.1775 0.1862 0.0119
0.1825 0.2510 0.0135
0.1875 0.2936 0.0143
0.1925 0.3572 0.0156
0.1975 0.3829 0.0160
0.2025 0.3795 0.0155
0.2075 0.3591 0.0150
0.2125 0.3072 0.0136
0.2175 0.2705 0.0127
0.2225 0.2754 0.0126
0.2275 0.2137 0.0109
0.2325 0.1978 0.0104
0.2375 0.1931 0.0102
0.2425 0.1688 0.0094
0.2475 0.1655 0.0092
0.2525 0.1619 0.0090
0.2575 0.1411 0.0083
0.2625 0.1516 0.0085
0.2675 0.1323 0.0079
0.2725 0.1433 0.0081
0.2775 0.1575 0.0085
0.2825 0.1222 0.0074
0.2875 0.1242 0.0073
0.2925 0.1139 0.0070
0.2975 0.1251 0.0072
0.3025 0.1195 0.0070
0.3075 0.1179 0.0069
0.3125 0.1171 0.0070
0.3175 0.1079 0.0067
0.3225 0.1073 0.0067
0.3275 0.0956 0.0063
0.3325 0.1036 0.0066
0.3375 0.0953 0.0063
0.3425 0.1009 0.0065
0.3475 0.1188 0.0068
0.3525 0.1156 0.0067
0.3575 0.0910 0.0058
0.3625 0.1048 0.0062
0.3675 0.1007 0.0060
0.3725 0.0911 0.0056
0.3775 0.1011 0.0059
0.3825 0.1026 0.0059
0.3875 0.0998 0.0058
0.3925 0.1031 0.0058
0.3975 0.0925 0.0054
0.4025 0.0982 0.0056
0.4075 0.0993 0.0055
0.4125 0.0912 0.0053
0.4175 0.0884 0.0051
0.4225 0.0891 0.0051
0.4275 0.0884 0.0051
0.4325 0.0893 0.0050
0.4375 0.1010 0.0053
0.4425 0.0839 0.0048
0.4475 0.0888 0.0049
0.4525 0.0873 0.0049
0.4575 0.0874 0.0049
0.4625 0.0908 0.0050
0.4675 0.0887 0.0050
0.4725 0.0907 0.0051
0.4775 0.0895 0.0051
0.4825 0.0975 0.0053
0.4875 0.0922 0.0051
0.4925 0.0910 0.0050
0.4975 0.0838 0.0048
0.5025 0.0856 0.0047
0.5075 0.0891 0.0048
0.5125 0.0859 0.0047
0.5175 0.0885 0.0047
0.5225 0.0846 0.0046
0.5275 0.0818 0.0045
0.5325 0.0845 0.0045
0.5375 0.0830 0.0044
0.5425 0.0851 0.0045
0.5475 0.0772 0.0042
0.5525 0.0878 0.0045
0.5575 0.0854 0.0044
0.5625 0.0805 0.0042
0.5675 0.0825 0.0043
0.5725 0.0846 0.0043
0.5775 0.0769 0.0041
0.5825 0.0748 0.0040
0.5875 0.0877 0.0043
0.5925 0.0783 0.0040
0.5975 0.0891 0.0043
0.6025 0.0862 0.0042
0.6075 0.0814 0.0041
0.6125 0.0794 0.0041
0.6175 0.0888 0.0044
0.6225 0.0817 0.0043
0.6275 0.0894 0.0045
0.6325 0.0932 0.0046
0.6375 0.1000 0.0047
0.6425 0.1058 0.0049
0.6475 0.0902 0.0045
0.6525 0.0808 0.0043
0.6575 0.0871 0.0044
0.6625 0.0993 0.0047
0.6675 0.0914 0.0045
0.6725 0.0977 0.0046
0.6775 0.0898 0.0045
0.6825 0.1048 0.0049
0.6875 0.1023 0.0048
0.6925 0.0902 0.0045
0.6975 0.0916 0.0046
0.7025 0.0897 0.0045
0.7075 0.0919 0.0046
0.7125 0.0884 0.0045
0.7175 0.0910 0.0046
0.7225 0.0983 0.0047
0.7275 0.0983 0.0048
0.7325 0.0949 0.0047
0.7375 0.1020 0.0048
0.7425 0.1024 0.0049
0.7475 0.1018 0.0049
0.7525 0.1077 0.0050
0.7575 0.1046 0.0050
0.7625 0.0989 0.0048
0.7675 0.1112 0.0051
0.7725 0.1035 0.0050
0.7775 0.1066 0.0050
0.7825 0.0979 0.0048
0.7875 0.1065 0.0050
0.7925 0.1042 0.0050
0.7975 0.1136 0.0052
0.8025 0.1112 0.0051
0.8075 0.1164 0.0052
0.8125 0.1146 0.0052
0.8175 0.1066 0.0050
0.8225 0.1072 0.0050
0.8275 0.1137 0.0052
0.8325 0.1158 0.0052
0.8375 0.1142 0.0052
0.8425 0.1167 0.0052
0.8475 0.1140 0.0053
0.8525 0.1123 0.0054
0.8575 0.1176 0.0057
0.8625 0.1102 0.0057
0.8675 0.1209 0.0060
0.8725 0.1176 0.0060
0.8775 0.1136 0.0060
0.8825 0.1105 0.0058
0.8875 0.1129 0.0058
0.8925 0.1135 0.0058
0.8975 0.1183 0.0059
0.9025 0.1166 0.0058
0.9075 0.1236 0.0060
0.9125 0.1176 0.0058
0.9175 0.1273 0.0061
0.9225 0.1195 0.0059
0.9275 0.1203 0.0059
0.9325 0.1257 0.0060
0.9375 0.1228 0.0060
0.9425 0.1302 0.0061
0.9475 0.1294 0.0061
0.9525 0.1391 0.0063
0.9575 0.1221 0.0059
0.9625 0.1406 0.0063
0.9675 0.1371 0.0064
0.9725 0.1215 0.0059
0.9775 0.1337 0.0063
0.9825 0.1369 0.0064
0.9875 0.1397 0.0065
0.9925 0.1239 0.0061
0.9975 0.1337 0.0064
1.0025 0.1391 0.0065
1.0075 0.1401 0.0066
1.0125 0.1430 0.0067
1.0175 0.1306 0.0064
1.0225 0.1397 0.0066
1.0275 0.1440 0.0067
1.0325 0.1370 0.0066
1.0375 0.1265 0.0063
1.0425 0.1499 0.0069
1.0475 0.1429 0.0068
1.0525 0.1510 0.0070
1.0575 0.1514 0.0070
1.0625 0.1526 0.0070
1.0675 0.1595 0.0071
1.0725 0.1456 0.0068
1.0775 0.1494 0.0069
1.0825 0.1558 0.0070
1.0875 0.1575 0.0071
1.0925 0.1599 0.0072
1.0975 0.1667 0.0073
1.1025 0.1562 0.0071
1.1075 0.1525 0.0070
1.1125 0.1722 0.0075
1.1175 0.1754 0.0075
1.1225 0.1602 0.0072
1.1275 0.1590 0.0072
1.1325 0.1758 0.0076
1.1375 0.1750 0.0075
1.1425 0.1721 0.0075
1.1475 0.1838 0.0077
1.1525 0.1831 0.0077
1.1575 0.1812 0.0077
1.1625 0.1835 0.0077
1.1675 0.1735 0.0075
1.1725 0.1879 0.0078
1.1775 0.1864 0.0078
1.1825 0.1877 0.0078
1.1875 0.2010 0.0081
1.1925 0.1959 0.0080
1.1975 0.1926 0.0079
