0.0525 0.1097 0.0164
0.0575 0.1013 0.0164
0.0625 0.0764 0.0151
0.0675 0.0698 0.0150
0.0725 0.0483 0.0119
0.0775 0.0672 0.0130
0.0825 0.0961 0.0152
0.0875 0.1044 0.0149
0.0925 0.0853 0.0129
0.0975 0.0794 0.0115
0.1025 0.0804 0.0110
0.1075 0.0558 0.0089
0.1125 0.0889 0.0109
0.1175 0.0699 0.0094
0.1225 0.0887 0.0103
0.1275 0.0956 0.0104
0.1325 0.1104 0.0108
0.1375 0.0919 0.0097
0.1425 0.0978 0.0098
0.1475 0.1123 0.0102
0.1525 0.1008 0.0095
0.1575 0.1273 0.0105
0.1625 0.1341 0.0106
0.1675 0.1305 0.0102
0.1725 0.1589 0.0110
0.1775 0.1851 0.0118
0.1825 0.1905 0.0117
0.1875 0.2094 0.0121
0.1925 0.1838 0.0112
0.1975 0.2197 0.0121
0.2025 0.2110 0.0116
0.2075 0.2322 0.0120
0.2125 0.2243 0.0117
0.2175 0.2193 0.0114
0.2225 0.2000 0.0107
0.2275 0.1818 0.0101
0.2325 0.1684 0.0096
0.2375 0.1491 0.0090
0.2425 0.1659 0.0093
0.2475 0.1587 0.0090
0.2525 0.1590 0.0089
0.2575 0.1504 0.0086
0.2625 0.1408 0.0082
0.2675 0.1298 0.0078
0.2725 0.1345 0.0079
0.2775 0.1387 0.0080
0.2825 0.1164 0.0072
0.2875 0.1405 0.0078
0.2925 0.1194 0.0071
0.2975 0.1011 0.0065
0.3025 0.1240 0.0071
0.3075 0.1152 0.0068
0.3125 0.1172 0.0070
0.3175 0.1126 0.0069
0.3225 0.1063 0.0067
0.3275 0.1145 0.0069
0.3325 0.1070 0.0067
0.3375 0.0977 0.0064
0.3425 0.1011 0.0065
0.3475 0.1029 0.0064
0.3525 0.1003 0.0062
0.3575 0.0961 0.0060
0.3625 0.1031 0.0061
0.3675 0.1136 0.0064
0.3725 0.1130 0.0063
0.3775 0.1009 0.0059
0.3825 0.0927 0.0056
0.3875 0.0947 0.0056
0.3925 0.1012 0.0057
0.3975 0.0969 0.0056
0.4025 0.0943 0.0055
0.4075 0.0919 0.0053
0.4125 0.0827 0.0050
0.4175 0.0967 0.0054
0.4225 0.0962 0.0053
0.4275 0.0951 0.0052
0.4325 0.1006 0.0053
0.4375 0.0903 0.0050
0.4425 0.0916 0.0050
0.4475 0.0878 0.0049
0.4525 0.0912 0.0050
0.4575 0.0834 0.0048
0.4625 0.0859 0.0049
0.4675 0.0910 0.0051
0.4725 0.0806 0.0048
0.4775 0.0884 0.0050
0.4825 0.0829 0.0049
0.4875 0.0852 0.0049
0.4925 0.0819 0.0048
0.4975 0.0922 0.0050
0.5025 0.0825 0.0047
0.5075 0.0869 0.0047
0.5125 0.0869 0.0047
0.5175 0.0924 0.0048
0.5225 0.0780 0.0044
0.5275 0.0901 0.0047
0.5325 0.0853 0.0045
0.5375 0.0813 0.0044
0.5425 0.0842 0.0044
0.5475 0.0944 0.0047
0.5525 0.0741 0.0041
0.5575 0.0921 0.0046
0.5625 0.0884 0.0044
0.5675 0.0820 0.0043
0.5725 0.0917 0.0045
0.5775 0.0913 0.0044
0.5825 0.0887 0.0044
0.5875 0.0807 0.0041
0.5925 0.0895 0.0043
0.5975 0.0940 0.0044
0.6025 0.0873 0.0042
0.6075 0.0835 0.0042
0.6125 0.0883 0.0044
0.6175 0.0868 0.0044
0.6225 0.0873 0.0044
0.6275 0.0881 0.0044
0.6325 0.0988 0.0047
0.6375 0.0947 0.0046
0.6425 0.1022 0.0048
0.6475 0.0973 0.0047
0.6525 0.0856 0.0044
0.6575 0.0911 0.0045
0.6625 0.0949 0.0046
0.6675 0.0952 0.0046
0.6725 0.0886 0.0044
0.6775 0.0919 0.0045
0.6825 0.0837 0.0044
0.6875 0.0966 0.0047
0.6925 0.0964 0.0047
0.6975 0.0915 0.0046
0.7025 0.0941 0.0046
0.7075 0.0978 0.0048
0.7125 0.0955 0.0047
0.7175 0.0938 0.0046
0.7225 0.1039 0.0049
0.7275 0.1001 0.0048
0.7325 0.1045 0.0049
0.7375 0.1006 0.0048
0.7425 0.1089 0.0050
0.7475 0.1172 0.0053
0.7525 0.1100 0.0051
0.7575 0.1036 0.0049
0.7625 0.1095 0.0051
0.7675 0.1074 0.0051
0.7725 0.1066 0.0050
0.7775 0.1093 0.0051
0.7825 0.1024 0.0049
0.7875 0.1128 0.0051
0.7925 0.1009 0.0049
0.7975 0.1140 0.0052
0.8025 0.1162 0.0052
0.8075 0.1139 0.0052
0.8125 0.1155 0.0052
0.8175 0.1064 0.0050
0.8225 0.1082 0.0050
0.8275 0.1207 0.0053
0.8325 0.1210 0.0053
0.8375 0.1212 0.0053
0.8425 0.1129 0.0051
0.8475 0.1078 0.0051
0.8525 0.1206 0.0056
0.8575 0.1170 0.0057
0.8625 0.1118 0.0057
0.8675 0.1125 0.0058
0.8725 0.1095 0.0058
0.8775 0.1151 0.0061
0.8825 0.1186 0.0060
0.8875 0.1210 0.0060
0.8925 0.1085 0.0057
0.8975 0.1224 0.0060
0.9025 0.1350 0.0063
0.9075 0.1364 0.0063
0.9125 0.1239 0.0060
0.9175 0.1291 0.0061
0.9225 0.1352 0.0063
0.9275 0.1306 0.0061
0.9325 0.1214 0.0059
0.9375 0.1260 0.0060
0.9425 0.1200 0.0059
0.9475 0.1304 0.0061
0.9525 0.1366 0.0063
0.9575 0.1365 0.0062
0.9625 0.1296 0.0061
0.9675 0.1339 0.0063
0.9725 0.1395 0.0063
0.9775 0.1457 0.0066
0.9825 0.1381 0.0064
0.9875 0.1307 0.0063
0.9925 0.1516 0.0068
0.9975 0.1312 0.0063
1.0025 0.1369 0.0065
1.0075 0.1432 0.0067
1.0125 0.1524 0.0069
1.0175 0.1426 0.0067
1.0225 0.1601 0.0071
1.0275 0.1488 0.0069
1.0325 0.1478 0.0068
1.0375 0.1414 0.0067
1.0425 0.1521 0.0070
1.0475 0.1474 0.0069
1.0525 0.1532 0.0070
1.0575 0.1539 0.0070
1.0625 0.1599 0.0072
1.0675 0.1597 0.0071
1.0725 0.1599 0.0071
1.0775 0.1604 0.0071
1.0825 0.1707 0.0074
1.0875 0.1615 0.0072
1.0925 0.1739 0.0075
1.0975 0.1638 0.0073
1.1025 0.1660 0.0073
1.1075 0.1734 0.0075
1.1125 0.1785 0.0076
1.1175 0.1793 0.0076
1.1225 0.1956 0.0080
1.1275 0.1756 0.0075
1.1325 0.1882 0.0078
1.1375 0.1777 0.0076
1.1425 0.1855 0.0078
1.1475 0.1812 0.0077
1.1525 0.1830 0.0077
1.1575 0.1899 0.0079
1.1625 0.1848 0.0078
1.1675 0.1900 0.0079
1.1725 0.2016 0.0081
1.1775 0.1962 0.0080
1.1825 0.1863 0.0078
1.1875 0.2045 0.0081
1.1925 0.2054 0.0081
1.1975 0.2048 0.0081
