0.0525 0.0539 0.0115
0.0575 0.0664 0.0133
0.0625 0.0474 0.0119
0.0675 0.0829 0.0163
0.0725 0.0863 0.0159
0.0775 0.0746 0.0137
0.0825 0.0575 0.0118
0.0875 0.0813 0.0132
0.0925 0.0598 0.0108
0.0975 0.0522 0.0093
0.1025 0.0815 0.0110
0.1075 0.0658 0.0096
0.1125 0.0641 0.0093
0.1175 0.0575 0.0085
0.1225 0.0672 0.0090
0.1275 0.0856 0.0098
0.1325 0.0649 0.0083
0.1375 0.0842 0.0093
0.1425 0.0863 0.0092
0.1475 0.0748 0.0084
0.1525 0.0758 0.0082
0.1575 0.0699 0.0078
0.1625 0.0911 0.0087
0.1675 0.1001 0.0090
0.1725 0.1044 0.0089
0.1775 0.1435 0.0104
0.1825 0.1518 0.0105
0.1875 0.1945 0.0116
0.1925 0.4039 0.0166
0.1975 2.3788 0.0398
0.2025 2.8526 0.0425
0.2075 0.7502 0.0216
0.2125 0.3000 0.0135
0.2175 0.2460 0.0121
0.2225 0.2205 0.0112
0.2275 0.2017 0.0106
0.2325 0.2014 0.0105
0.2375 0.1665 0.0095
0.2425 0.1775 0.0096
0.2475 0.1440 0.0086
0.2525 0.1380 0.0083
0.2575 0.1389 0.0082
0.2625 0.1299 0.0079
0.2675 0.1183 0.0074
0.2725 0.1204 0.0074
0.2775 0.1228 0.0075
0.2825 0.1001 0.0067
0.2875 0.1082 0.0068
0.2925 0.1071 0.0068
0.2975 0.1204 0.0071
0.3025 0.1109 0.0067
0.3075 0.1184 0.0069
0.3125 0.0877 0.0061
0.3175 0.1007 0.0065
0.3225 0.0961 0.0064
0.3275 0.0842 0.0060
0.3325 0.0994 0.0065
0.3375 0.0942 0.0063
0.3425 0.0821 0.0059
0.3475 0.0872 0.0059
0.3525 0.0888 0.0058
0.3575 0.0889 0.0058
0.3625 0.0878 0.0057
0.3675 0.0910 0.0057
0.3725 0.0891 0.0056
0.3775 0.1069 0.0061
0.3825 0.0904 0.0055
0.3875 0.1005 0.0058
0.3925 0.0831 0.0052
0.3975 0.0858 0.0052
0.4025 0.0827 0.0051
0.4075 0.0873 0.0052
0.4125 0.0958 0.0054
0.4175 0.0965 0.0054
0.4225 0.0776 0.0048
0.4275 0.0906 0.0051
0.4325 0.0812 0.0048
0.4375 0.0825 0.0048
0.4425 0.0757 0.0046
0.4475 0.0829 0.0048
0.4525 0.0756 0.0045
0.4575 0.0777 0.0046
0.4625 0.0734 0.0045
0.4675 0.0799 0.0047
0.4725 0.0840 0.0049
0.4775 0.0828 0.0049
0.4825 0.0715 0.0045
0.4875 0.0775 0.0047
0.4925 0.0845 0.0049
0.4975 0.0760 0.0045
0.5025 0.0757 0.0045
0.5075 0.0751 0.0044
0.5125 0.0732 0.0043
0.5175 0.0737 0.0043
0.5225 0.0772 0.0044
0.5275 0.0752 0.0043
0.5325 0.0831 0.0045
0.5375 0.0807 0.0044
0.5425 0.0803 0.0043
0.5475 0.0830 0.0044
0.5525 0.0877 0.0045
0.5575 0.0783 0.0042
0.5625 0.0845 0.0043
0.5675 0.0797 0.0042
0.5725 0.0881 0.0044
0.5775 0.0756 0.0040
0.5825 0.0826 0.0042
0.5875 0.0787 0.0041
0.5925 0.0798 0.0041
0.5975 0.0774 0.0040
0.6025 0.0835 0.0041
0.6075 0.0821 0.0041
0.6125 0.0847 0.0043
0.6175 0.0816 0.0042
0.6225 0.0743 0.0041
0.6275 0.0773 0.0041
0.6325 0.0877 0.0044
0.6375 0.0748 0.0041
0.6425 0.0859 0.0044
0.6475 0.0845 0.0043
0.6525 0.0919 0.0045
0.6575 0.0819 0.0043
0.6625 0.0800 0.0042
0.6675 0.0816 0.0043
0.6725 0.0774 0.0041
0.6775 0.0899 0.0045
0.6825 0.0936 0.0046
0.6875 0.0833 0.0044
0.6925 0.0898 0.0045
0.6975 0.0901 0.0045
0.7025 0.0953 0.0047
0.7075 0.0863 0.0045
0.7125 0.0960 0.0047
0.7175 0.0922 0.0046
0.7225 0.0948 0.0047
0.7275 0.0926 0.0046
0.7325 0.1007 0.0048
0.7375 0.0945 0.0046
0.7425 0.0857 0.0045
0.7475 0.0916 0.0047
0.7525 0.0870 0.0045
0.7575 0.0924 0.0047
0.7625 0.0973 0.0048
0.7675 0.0939 0.0047
0.7725 0.0936 0.0047
0.7775 0.0953 0.0047
0.7825 0.0945 0.0047
0.7875 0.1043 0.0050
0.7925 0.1018 0.0049
0.7975 0.0946 0.0047
0.8025 0.0956 0.0048
0.8075 0.1061 0.0050
0.8125 0.1002 0.0049
0.8175 0.0956 0.0047
0.8225 0.0995 0.0048
0.8275 0.0977 0.0048
0.8325 0.1115 0.0051
0.8375 0.1090 0.0050
0.8425 0.1027 0.0049
0.8475 0.1183 0.0054
0.8525 0.0963 0.0050
0.8575 0.1010 0.0053
0.8625 0.1050 0.0055
0.8675 0.1009 0.0055
0.8725 0.1074 0.0058
0.8775 0.1100 0.0059
0.8825 0.1107 0.0058
0.8875 0.1035 0.0056
0.8925 0.1075 0.0056
0.8975 0.1199 0.0059
0.9025 0.1117 0.0057
0.9075 0.1077 0.0056
0.9125 0.1178 0.0058
0.9175 0.1132 0.0057
0.9225 0.1167 0.0058
0.9275 0.1242 0.0060
0.9325 0.1265 0.0060
0.9375 0.1150 0.0058
0.9425 0.1149 0.0058
0.9475 0.1261 0.0060
0.9525 0.1214 0.0059
0.9575 0.1322 0.0061
0.9625 0.1282 0.0060
0.9675 0.1076 0.0056
0.9725 0.1220 0.0059
0.9775 0.1201 0.0060
0.9825 0.1108 0.0058
0.9875 0.1140 0.0059
0.9925 0.1313 0.0063
0.9975 0.1401 0.0066
1.0025 0.1478 0.0067
1.0075 0.1299 0.0063
1.0125 0.1292 0.0064
1.0175 0.1459 0.0068
1.0225 0.1388 0.0066
1.0275 0.1335 0.0065
1.0325 0.1414 0.0067
1.0375 0.1334 0.0065
1.0425 0.1404 0.0067
1.0475 0.1406 0.0067
1.0525 0.1270 0.0064
1.0575 0.1398 0.0067
1.0625 0.1372 0.0066
1.0675 0.1560 0.0070
1.0725 0.1536 0.0070
1.0775 0.1433 0.0068
1.0825 0.1608 0.0072
1.0875 0.1473 0.0069
1.0925 0.1562 0.0071
1.0975 0.1567 0.0071
1.1025 0.1680 0.0073
1.1075 0.1459 0.0068
1.1125 0.1522 0.0070
1.1175 0.1725 0.0075
1.1225 0.1659 0.0073
1.1275 0.1515 0.0070
1.1325 0.1523 0.0070
1.1375 0.1656 0.0073
1.1425 0.1722 0.0075
1.1475 0.1724 0.0075
1.1525 0.1658 0.0073
1.1575 0.1674 0.0074
1.1625 0.1614 0.0072
1.1675 0.1839 0.0077
1.1725 0.1855 0.0078
1.1775 0.1699 0.0075
1.1825 0.1784 0.0076
1.1875 0.1868 0.0078
1.1925 0.1710 0.0074
1.1975 0.1829 0.0077
