0.0525 0.0536 0.0115
0.0575 0.0547 0.0121
0.0625 0.0913 0.0165
0.0675 0.0545 0.0132
0.0725 0.1004 0.0172
0.0775 0.0713 0.0134
0.0825 0.0831 0.0141
0.0875 0.0426 0.0095
0.0925 0.0500 0.0099
0.0975 0.0514 0.0092
0.1025 0.0463 0.0083
0.1075 0.0728 0.0101
0.1125 0.0546 0.0085
0.1175 0.0668 0.0092
0.1225 0.0815 0.0099
0.1275 0.0659 0.0086
0.1325 0.0710 0.0087
0.1375 0.0858 0.0094
0.1425 0.0760 0.0086
0.1475 0.0880 0.0091
0.1525 0.1036 0.0096
0.1575 0.1108 0.0098
0.1625 0.1300 0.0104
0.1675 0.1208 0.0098
0.1725 0.1197 0.0096
0.1775 0.1530 0.0108
0.1825 0.1602 0.0108
0.1875 0.2176 0.0123
0.1925 0.6297 0.0208
0.1975 2.0347 0.0368
0.2025 2.3901 0.0389
0.2075 0.5531 0.0186
0.2125 0.3248 0.0140
0.2175 0.2697 0.0127
0.2225 0.2136 0.0111
0.2275 0.2082 0.0108
0.2325 0.2031 0.0106
0.2375 0.1873 0.0100
0.2425 0.1714 0.0095
0.2475 0.1540 0.0089
0.2525 0.1487 0.0086
0.2575 0.1439 0.0084
0.2625 0.1278 0.0078
0.2675 0.1266 0.0077
0.2725 0.1260 0.0076
0.2775 0.1398 0.0080
0.2825 0.1240 0.0074
0.2875 0.1105 0.0069
0.2925 0.1068 0.0067
0.2975 0.1047 0.0066
0.3025 0.1014 0.0064
0.3075 0.1033 0.0065
0.3125 0.1193 0.0071
0.3175 0.1109 0.0068
0.3225 0.1101 0.0068
0.3275 0.0835 0.0059
0.3325 0.0994 0.0065
0.3375 0.0967 0.0064
0.3425 0.1014 0.0065
0.3475 0.0962 0.0062
0.3525 0.0915 0.0059
0.3575 0.0991 0.0061
0.3625 0.0917 0.0058
0.3675 0.0971 0.0059
0.3725 0.0867 0.0055
0.3775 0.0874 0.0055
0.3825 0.0869 0.0054
0.3875 0.0965 0.0057
0.3925 0.0862 0.0053
0.3975 0.0848 0.0052
0.4025 0.0989 0.0056
0.4075 0.0834 0.0051
0.4125 0.0924 0.0053
0.4175 0.0909 0.0052
0.4225 0.0811 0.0049
0.4275 0.0827 0.0049
0.4325 0.0782 0.0047
0.4375 0.0835 0.0048
0.4425 0.0871 0.0049
0.4475 0.0890 0.0049
0.4525 0.0707 0.0044
0.4575 0.0853 0.0048
0.4625 0.0843 0.0049
0.4675 0.0803 0.0047
0.4725 0.0907 0.0051
0.4775 0.0938 0.0052
0.4825 0.0790 0.0047
0.4875 0.0922 0.0051
0.4925 0.0743 0.0046
0.4975 0.0843 0.0048
0.5025 0.0762 0.0045
0.5075 0.0783 0.0045
0.5125 0.0798 0.0045
0.5175 0.0850 0.0046
0.5225 0.0780 0.0044
0.5275 0.0781 0.0044
0.5325 0.0728 0.0042
0.5375 0.0754 0.0042
0.5425 0.0819 0.0044
0.5475 0.0742 0.0041
0.5525 0.0738 0.0041
0.5575 0.0753 0.0041
0.5625 0.0793 0.0042
0.5675 0.0714 0.0040
0.5725 0.0765 0.0041
0.5775 0.0791 0.0041
0.5825 0.0837 0.0042
0.5875 0.0878 0.0043
0.5925 0.0814 0.0041
0.5975 0.0844 0.0042
0.6025 0.0726 0.0039
0.6075 0.0827 0.0041
0.6125 0.0863 0.0043
0.6175 0.0855 0.0044
0.6225 0.0856 0.0044
0.6275 0.0872 0.0044
0.6325 0.0812 0.0043
0.6375 0.0774 0.0042
0.6425 0.0963 0.0046
0.6475 0.0857 0.0044
0.6525 0.0828 0.0043
0.6575 0.0849 0.0043
0.6625 0.0886 0.0044
0.6675 0.0886 0.0044
0.6725 0.0857 0.0044
0.6775 0.0819 0.0043
0.6825 0.0887 0.0045
0.6875 0.0902 0.0045
0.6925 0.0834 0.0044
0.6975 0.0963 0.0047
0.7025 0.0898 0.0045
0.7075 0.0864 0.0045
0.7125 0.0876 0.0045
0.7175 0.0912 0.0046
0.7225 0.0917 0.0046
0.7275 0.0990 0.0048
0.7325 0.0925 0.0046
0.7375 0.0945 0.0046
0.7425 0.0927 0.0046
0.7475 0.0913 0.0046
0.7525 0.0920 0.0047
0.7575 0.0932 0.0047
0.7625 0.0997 0.0049
0.7675 0.1003 0.0049
0.7725 0.0925 0.0047
0.7775 0.1050 0.0050
0.7825 0.0971 0.0048
0.7875 0.0962 0.0048
0.7925 0.1011 0.0049
0.7975 0.0991 0.0048
0.8025 0.0939 0.0047
0.8075 0.1038 0.0049
0.8125 0.1026 0.0049
0.8175 0.1052 0.0050
0.8225 0.0982 0.0048
0.8275 0.1057 0.0050
0.8325 0.0944 0.0047
0.8375 0.1053 0.0050
0.8425 0.1077 0.0050
0.8475 0.1113 0.0052
0.8525 0.1050 0.0053
0.8575 0.1157 0.0057
0.8625 0.1119 0.0057
0.8675 0.1155 0.0059
0.8725 0.1034 0.0056
0.8775 0.1165 0.0061
0.8825 0.1133 0.0059
0.8875 0.1191 0.0060
0.8925 0.1168 0.0059
0.8975 0.1223 0.0060
0.9025 0.1198 0.0059
0.9075 0.1079 0.0056
0.9125 0.1230 0.0060
0.9175 0.1218 0.0059
0.9225 0.1147 0.0058
0.9275 0.1008 0.0054
0.9325 0.1146 0.0057
0.9375 0.1147 0.0057
0.9425 0.1279 0.0061
0.9475 0.1143 0.0057
0.9525 0.1134 0.0057
0.9575 0.1072 0.0055
0.9625 0.1221 0.0059
0.9675 0.1345 0.0063
0.9725 0.1295 0.0061
0.9775 0.1211 0.0060
0.9825 0.1179 0.0059
0.9875 0.1312 0.0063
0.9925 0.1358 0.0064
0.9975 0.1361 0.0065
1.0025 0.1461 0.0067
1.0075 0.1270 0.0063
1.0125 0.1271 0.0063
1.0175 0.1293 0.0064
1.0225 0.1290 0.0064
1.0275 0.1340 0.0065
1.0325 0.1359 0.0066
1.0375 0.1393 0.0066
1.0425 0.1388 0.0066
1.0475 0.1419 0.0067
1.0525 0.1312 0.0065
1.0575 0.1381 0.0067
1.0625 0.1401 0.0067
1.0675 0.1577 0.0071
1.0725 0.1500 0.0069
1.0775 0.1407 0.0067
1.0825 0.1523 0.0070
1.0875 0.1469 0.0069
1.0925 0.1407 0.0067
1.0975 0.1603 0.0072
1.1025 0.1720 0.0074
1.1075 0.1524 0.0070
1.1125 0.1721 0.0075
1.1175 0.1515 0.0070
1.1225 0.1612 0.0072
1.1275 0.1604 0.0072
1.1325 0.1676 0.0074
1.1375 0.1639 0.0073
1.1425 0.1745 0.0075
1.1475 0.1776 0.0076
1.1525 0.1650 0.0073
1.1575 0.1649 0.0073
1.1625 0.1884 0.0078
1.1675 0.1762 0.0076
1.1725 0.1687 0.0074
1.1775 0.1647 0.0074
1.1825 0.1764 0.0076
1.1875 0.1833 0.0077
1.1925 0.1841 0.0077
1.1975 0.1803 0.0076
