0.0525 0.0748 0.0136
0.0575 0.0770 0.0143
0.0625 0.0761 0.0151
0.0675 0.0574 0.0136
0.0725 0.0741 0.0148
0.0775 0.0495 0.0112
0.0825 0.0478 0.0107
0.0875 0.0407 0.0093
0.0925 0.0621 0.0110
0.0975 0.0723 0.0110
0.1025 0.0735 0.0105
0.1075 0.0473 0.0082
0.1125 0.0586 0.0088
0.1175 0.0576 0.0085
0.1225 0.0702 0.0092
0.1275 0.0852 0.0098
0.1325 0.0753 0.0090
0.1375 0.0693 0.0084
0.1425 0.0753 0.0086
0.1475 0.0715 0.0082
0.1525 0.0761 0.0083
0.1575 0.0859 0.0086
0.1625 0.0964 0.0090
0.1675 0.1050 0.0092
0.1725 0.1112 0.0092
0.1775 0.1372 0.0102
0.1825 0.1514 0.0105
0.1875 0.1815 0.0112
0.1925 0.4713 0.0180
0.1975 2.4433 0.0404
0.2025 2.8219 0.0423
0.2075 0.7375 0.0215
0.2125 0.2951 0.0134
0.2175 0.2321 0.0117
0.2225 0.2188 0.0112
0.2275 0.1951 0.0105
0.2325 0.1835 0.0100
0.2375 0.1728 0.0096
0.2425 0.1618 0.0092
0.2475 0.1510 0.0088
0.2525 0.1384 0.0083
0.2575 0.1209 0.0077
0.2625 0.1255 0.0078
0.2675 0.1177 0.0074
0.2725 0.1111 0.0071
0.2775 0.1025 0.0068
0.2825 0.1182 0.0072
0.2875 0.1023 0.0066
0.2925 0.1130 0.0069
0.2975 0.1037 0.0066
0.3025 0.1106 0.0067
0.3075 0.1026 0.0064
0.3125 0.0984 0.0064
0.3175 0.0954 0.0063
0.3225 0.0907 0.0062
0.3275 0.1135 0.0069
0.3325 0.0835 0.0059
0.3375 0.0961 0.0064
0.3425 0.1001 0.0065
0.3475 0.0868 0.0059
0.3525 0.0915 0.0059
0.3575 0.1030 0.0062
0.3625 0.0887 0.0057
0.3675 0.0931 0.0058
0.3725 0.0960 0.0058
0.3775 0.0917 0.0056
0.3825 0.0851 0.0054
0.3875 0.0889 0.0054
0.3925 0.0843 0.0052
0.3975 0.0820 0.0051
0.4025 0.0876 0.0053
0.4075 0.0859 0.0051
0.4125 0.0779 0.0049
0.4175 0.0865 0.0051
0.4225 0.0776 0.0048
0.4275 0.0832 0.0049
0.4325 0.0850 0.0049
0.4375 0.0959 0.0052
0.4425 0.0856 0.0049
0.4475 0.0870 0.0049
0.4525 0.0891 0.0049
0.4575 0.0808 0.0047
0.4625 0.0734 0.0045
0.4675 0.0736 0.0045
0.4725 0.0768 0.0047
0.4775 0.0781 0.0047
0.4825 0.0832 0.0049
0.4875 0.0748 0.0046
0.4925 0.0784 0.0047
0.4975 0.0713 0.0044
0.5025 0.0782 0.0045
0.5075 0.0844 0.0047
0.5125 0.0767 0.0044
0.5175 0.0723 0.0043
0.5225 0.0698 0.0041
0.5275 0.0837 0.0045
0.5325 0.0690 0.0041
0.5375 0.0732 0.0042
0.5425 0.0743 0.0042
0.5475 0.0789 0.0043
0.5525 0.0746 0.0041
0.5575 0.0711 0.0040
0.5625 0.0825 0.0043
0.5675 0.0824 0.0043
0.5725 0.0876 0.0044
0.5775 0.0773 0.0041
0.5825 0.0726 0.0039
0.5875 0.0834 0.0042
0.5925 0.0756 0.0040
0.5975 0.0774 0.0040
0.6025 0.0759 0.0039
0.6075 0.0756 0.0040
0.6125 0.0767 0.0041
0.6175 0.0800 0.0042
0.6225 0.0754 0.0041
0.6275 0.0817 0.0043
0.6325 0.0763 0.0041
0.6375 0.0787 0.0042
0.6425 0.0795 0.0042
0.6475 0.0779 0.0042
0.6525 0.0837 0.0043
0.6575 0.0802 0.0042
0.6625 0.0859 0.0044
0.6675 0.0898 0.0045
0.6725 0.0786 0.0042
0.6775 0.0785 0.0042
0.6825 0.0812 0.0043
0.6875 0.0838 0.0044
0.6925 0.0856 0.0044
0.6975 0.0852 0.0044
0.7025 0.0946 0.0047
0.7075 0.0892 0.0045
0.7125 0.0935 0.0046
0.7175 0.0914 0.0046
0.7225 0.0889 0.0045
0.7275 0.0911 0.0046
0.7325 0.0942 0.0046
0.7375 0.0922 0.0046
0.7425 0.0883 0.0045
0.7475 0.0884 0.0046
0.7525 0.0858 0.0045
0.7575 0.0989 0.0048
0.7625 0.0917 0.0047
0.7675 0.0925 0.0047
0.7725 0.0864 0.0045
0.7775 0.0985 0.0048
0.7825 0.0901 0.0046
0.7875 0.0916 0.0046
0.7925 0.0978 0.0048
0.7975 0.1076 0.0050
0.8025 0.0992 0.0048
0.8075 0.0947 0.0047
0.8125 0.0961 0.0048
0.8175 0.1059 0.0050
0.8225 0.0955 0.0047
0.8275 0.0935 0.0047
0.8325 0.1107 0.0051
0.8375 0.1001 0.0048
0.8425 0.0960 0.0047
0.8475 0.1005 0.0050
0.8525 0.0978 0.0051
0.8575 0.1056 0.0054
0.8625 0.1161 0.0058
0.8675 0.1146 0.0059
0.8725 0.1079 0.0058
0.8775 0.1104 0.0059
0.8825 0.1052 0.0057
0.8875 0.1048 0.0056
0.8925 0.1058 0.0056
0.8975 0.1054 0.0056
0.9025 0.1128 0.0058
0.9075 0.1158 0.0058
0.9125 0.1107 0.0057
0.9175 0.1194 0.0059
0.9225 0.1041 0.0055
0.9275 0.1159 0.0058
0.9325 0.1344 0.0062
0.9375 0.1198 0.0059
0.9425 0.1212 0.0059
0.9475 0.1163 0.0058
0.9525 0.1228 0.0059
0.9575 0.1212 0.0059
0.9625 0.1296 0.0061
0.9675 0.1065 0.0056
0.9725 0.1185 0.0058
0.9775 0.1248 0.0061
0.9825 0.1158 0.0059
0.9875 0.1217 0.0061
0.9925 0.1294 0.0063
0.9975 0.1299 0.0063
1.0025 0.1423 0.0066
1.0075 0.1252 0.0062
1.0125 0.1492 0.0068
1.0175 0.1401 0.0066
1.0225 0.1382 0.0066
1.0275 0.1345 0.0065
1.0325 0.1326 0.0065
1.0375 0.1354 0.0066
1.0425 0.1388 0.0067
1.0475 0.1242 0.0063
1.0525 0.1493 0.0069
1.0575 0.1424 0.0068
1.0625 0.1424 0.0068
1.0675 0.1423 0.0067
1.0725 0.1556 0.0070
1.0775 0.1453 0.0068
1.0825 0.1429 0.0067
1.0875 0.1389 0.0067
1.0925 0.1472 0.0069
1.0975 0.1567 0.0071
1.1025 0.1581 0.0071
1.1075 0.1480 0.0069
1.1125 0.1539 0.0071
1.1175 0.1429 0.0068
1.1225 0.1665 0.0074
1.1275 0.1465 0.0069
1.1325 0.1605 0.0072
1.1375 0.1695 0.0074
1.1425 0.1513 0.0070
1.1475 0.1709 0.0074
1.1525 0.1709 0.0075
1.1575 0.1561 0.0071
1.1625 0.1617 0.0073
1.1675 0.1757 0.0076
1.1725 0.1621 0.0073
1.1775 0.1753 0.0076
1.1825 0.1921 0.0079
1.1875 0.1867 0.0078
1.1925 0.1851 0.0077
1.1975 0.1872 0.0078
