0.0525 0.0694 0.0131
0.0575 0.1326 0.0188
0.0625 0.0554 0.0128
0.0675 0.0729 0.0153
0.0725 0.0432 0.0113
0.0775 0.0868 0.0148
0.0825 0.0577 0.0118
0.0875 0.0659 0.0119
0.0925 0.0806 0.0125
0.0975 0.0542 0.0095
0.1025 0.0515 0.0088
0.1075 0.0421 0.0077
0.1125 0.0626 0.0091
0.1175 0.0680 0.0093
0.1225 0.0590 0.0084
0.1275 0.0811 0.0096
0.1325 0.0669 0.0084
0.1375 0.0652 0.0082
0.1425 0.0905 0.0094
0.1475 0.0917 0.0092
0.1525 0.0820 0.0086
0.1575 0.1069 0.0096
0.1625 0.1110 0.0096
0.1675 0.1072 0.0093
0.1725 0.1238 0.0097
0.1775 0.1538 0.0108
0.1825 0.2120 0.0124
0.1875 0.2237 0.0125
0.1925 0.6144 0.0205
0.1975 1.9318 0.0359
0.2025 2.2675 0.0379
0.2075 0.5393 0.0183
0.2125 0.3000 0.0135
0.2175 0.2735 0.0127
0.2225 0.2204 0.0112
0.2275 0.2116 0.0109
0.2325 0.1971 0.0104
0.2375 0.1690 0.0095
0.2425 0.1669 0.0093
0.2475 0.1614 0.0091
0.2525 0.1601 0.0089
0.2575 0.1272 0.0079
0.2625 0.1452 0.0084
0.2675 0.1324 0.0079
0.2725 0.1259 0.0076
0.2775 0.1378 0.0079
0.2825 0.1117 0.0070
0.2875 0.1147 0.0070
0.2925 0.1174 0.0071
0.2975 0.1075 0.0067
0.3025 0.1110 0.0067
0.3075 0.1060 0.0066
0.3125 0.0991 0.0064
0.3175 0.1077 0.0067
0.3225 0.1023 0.0066
0.3275 0.0986 0.0064
0.3325 0.1011 0.0065
0.3375 0.0946 0.0063
0.3425 0.1023 0.0065
0.3475 0.0984 0.0062
0.3525 0.0824 0.0056
0.3575 0.0946 0.0060
0.3625 0.1023 0.0061
0.3675 0.0988 0.0059
0.3725 0.0927 0.0057
0.3775 0.0952 0.0057
0.3825 0.1029 0.0059
0.3875 0.0852 0.0053
0.3925 0.0924 0.0055
0.3975 0.0861 0.0052
0.4025 0.0997 0.0056
0.4075 0.0941 0.0054
0.4125 0.0915 0.0053
0.4175 0.0833 0.0050
0.4225 0.0966 0.0053
0.4275 0.0844 0.0049
0.4325 0.0937 0.0052
0.4375 0.0811 0.0048
0.4425 0.0797 0.0047
0.4475 0.0873 0.0049
0.4525 0.0885 0.0049
0.4575 0.0835 0.0048
0.4625 0.0807 0.0048
0.4675 0.0778 0.0047
0.4725 0.0805 0.0048
0.4775 0.0831 0.0049
0.4825 0.0726 0.0045
0.4875 0.0884 0.0050
0.4925 0.0797 0.0047
0.4975 0.0732 0.0044
0.5025 0.0751 0.0044
0.5075 0.0749 0.0044
0.5125 0.0801 0.0045
0.5175 0.0815 0.0045
0.5225 0.0837 0.0045
0.5275 0.0871 0.0046
0.5325 0.0799 0.0044
0.5375 0.0799 0.0043
0.5425 0.0678 0.0040
0.5475 0.0759 0.0042
0.5525 0.0852 0.0044
0.5575 0.0883 0.0045
0.5625 0.0824 0.0043
0.5675 0.0784 0.0042
0.5725 0.0737 0.0040
0.5775 0.0809 0.0042
0.5825 0.0861 0.0043
0.5875 0.0949 0.0045
0.5925 0.0834 0.0042
0.5975 0.0853 0.0042
0.6025 0.0823 0.0041
0.6075 0.0840 0.0042
0.6125 0.0884 0.0044
0.6175 0.0822 0.0043
0.6225 0.0780 0.0042
0.6275 0.0811 0.0042
0.6325 0.0867 0.0044
0.6375 0.0729 0.0040
0.6425 0.0795 0.0042
0.6475 0.0873 0.0044
0.6525 0.0845 0.0044
0.6575 0.0863 0.0044
0.6625 0.0992 0.0047
0.6675 0.0785 0.0042
0.6725 0.0930 0.0045
0.6775 0.0875 0.0044
0.6825 0.0907 0.0045
0.6875 0.0913 0.0046
0.6925 0.0925 0.0046
0.6975 0.0906 0.0046
0.7025 0.0904 0.0046
0.7075 0.0953 0.0047
0.7125 0.0948 0.0047
0.7175 0.0895 0.0045
0.7225 0.0896 0.0045
0.7275 0.0909 0.0046
0.7325 0.1067 0.0049
0.7375 0.0975 0.0047
0.7425 0.1021 0.0049
0.7475 0.0931 0.0047
0.7525 0.0985 0.0048
0.7575 0.1025 0.0049
0.7625 0.0947 0.0047
0.7675 0.1005 0.0049
0.7725 0.1000 0.0049
0.7775 0.0907 0.0046
0.7825 0.1016 0.0049
0.7875 0.0989 0.0048
0.7925 0.0996 0.0048
0.7975 0.1103 0.0051
0.8025 0.1000 0.0049
0.8075 0.1122 0.0051
0.8125 0.0962 0.0048
0.8175 0.1072 0.0050
0.8225 0.1007 0.0049
0.8275 0.1044 0.0050
0.8325 0.1154 0.0052
0.8375 0.1006 0.0048
0.8425 0.1086 0.0050
0.8475 0.0973 0.0049
0.8525 0.1043 0.0052
0.8575 0.1123 0.0056
0.8625 0.1044 0.0055
0.8675 0.1109 0.0058
0.8725 0.1207 0.0061
0.8775 0.1058 0.0058
0.8825 0.1153 0.0059
0.8875 0.1096 0.0057
0.8925 0.1255 0.0061
0.8975 0.1099 0.0057
0.9025 0.1140 0.0058
0.9075 0.1139 0.0057
0.9125 0.1135 0.0057
0.9175 0.1195 0.0059
0.9225 0.1139 0.0057
0.9275 0.1115 0.0057
0.9325 0.1190 0.0058
0.9375 0.1053 0.0055
0.9425 0.1307 0.0061
0.9475 0.1228 0.0059
0.9525 0.1305 0.0061
0.9575 0.1206 0.0059
0.9625 0.1179 0.0058
0.9675 0.1244 0.0061
0.9725 0.1290 0.0061
0.9775 0.1229 0.0060
0.9825 0.1312 0.0063
0.9875 0.1315 0.0063
0.9925 0.1419 0.0066
0.9975 0.1235 0.0062
1.0025 0.1258 0.0062
1.0075 0.1219 0.0062
1.0125 0.1400 0.0066
1.0175 0.1338 0.0065
1.0225 0.1416 0.0067
1.0275 0.1204 0.0062
1.0325 0.1262 0.0063
1.0375 0.1503 0.0069
1.0425 0.1352 0.0066
1.0475 0.1405 0.0067
1.0525 0.1459 0.0068
1.0575 0.1395 0.0067
1.0625 0.1597 0.0072
1.0675 0.1497 0.0069
1.0725 0.1557 0.0070
1.0775 0.1384 0.0066
1.0825 0.1567 0.0071
1.0875 0.1506 0.0069
1.0925 0.1547 0.0071
1.0975 0.1704 0.0074
1.1025 0.1557 0.0071
1.1075 0.1705 0.0074
1.1125 0.1736 0.0075
1.1175 0.1573 0.0071
1.1225 0.1737 0.0075
1.1275 0.1653 0.0073
1.1325 0.1586 0.0072
1.1375 0.1615 0.0073
1.1425 0.1757 0.0075
1.1475 0.1675 0.0074
1.1525 0.1800 0.0076
1.1575 0.1720 0.0075
1.1625 0.1678 0.0074
1.1675 0.1693 0.0074
1.1725 0.1688 0.0074
1.1775 0.1747 0.0076
1.1825 0.1850 0.0078
1.1875 0.1873 0.0078
1.1925 0.1852 0.0077
1.1975 0.1891 0.0078
