0.0525 0.2192 0.0232
0.0575 0.2176 0.0241
0.0625 0.1507 0.0212
0.0675 0.1964 0.0251
0.0725 0.1609 0.0218
0.0775 0.1296 0.0181
0.0825 0.1235 0.0172
0.0875 0.1365 0.0171
0.0925 0.1427 0.0167
0.0975 0.1478 0.0157
0.1025 0.1661 0.0157
0.1075 0.1623 0.0151
0.1125 0.1757 0.0153
0.1175 0.1723 0.0147
0.1225 0.2049 0.0157
0.1275 0.1732 0.0140
0.1325 0.1593 0.0130
0.1375 0.1738 0.0133
0.1425 0.1915 0.0137
0.1475 0.2073 0.0139
0.1525 0.2069 0.0136
0.1575 0.2508 0.0147
0.1625 0.2554 0.0146
0.1675 0.2551 0.0143
0.1725 0.3334 0.0160
0.1775 0.3484 0.0162
0.1825 0.3296 0.0154
0.1875 0.3320 0.0152
0.1925 0.3734 0.0160
0.1975 0.4196 0.0167
0.2025 0.4065 0.0160
0.2075 0.4252 0.0163
0.2125 0.4226 0.0160
0.2175 0.3907 0.0152
0.2225 0.3697 0.0146
0.2275 0.3604 0.0142
0.2325 0.3462 0.0138
0.2375 0.3726 0.0141
0.2425 0.3622 0.0138
0.2475 0.3332 0.0130
0.2525 0.3133 0.0125
0.2575 0.2892 0.0119
0.2625 0.2889 0.0118
0.2675 0.3048 0.0119
0.2725 0.2852 0.0114
0.2775 0.2830 0.0114
0.2825 0.2592 0.0107
0.2875 0.2548 0.0105
0.2925 0.2535 0.0104
0.2975 0.2371 0.0100
0.3025 0.2389 0.0099
0.3075 0.2327 0.0097
0.3125 0.2440 0.0101
0.3175 0.2280 0.0098
0.3225 0.2312 0.0098
0.3275 0.2297 0.0098
0.3325 0.2170 0.0096
0.3375 0.2261 0.0098
0.3425 0.2256 0.0097
0.3475 0.2158 0.0092
0.3525 0.1979 0.0087
0.3575 0.1849 0.0083
0.3625 0.2051 0.0087
0.3675 0.2075 0.0086
0.3725 0.2086 0.0086
0.3775 0.2057 0.0084
0.3825 0.2092 0.0084
0.3875 0.2166 0.0085
0.3925 0.2055 0.0082
0.3975 0.2071 0.0081
0.4025 0.1891 0.0077
0.4075 0.1898 0.0076
0.4125 0.2053 0.0079
0.4175 0.1871 0.0075
0.4225 0.1951 0.0076
0.4275 0.1918 0.0074
0.4325 0.1992 0.0075
0.4375 0.1861 0.0072
0.4425 0.1795 0.0070
0.4475 0.1880 0.0072
0.4525 0.1759 0.0069
0.4575 0.1906 0.0072
0.4625 0.1960 0.0074
0.4675 0.1967 0.0074
0.4725 0.2014 0.0076
0.4775 0.1810 0.0072
0.4825 0.1689 0.0069
0.4875 0.1841 0.0072
0.4925 0.1801 0.0071
0.4975 0.1823 0.0070
0.5025 0.1725 0.0067
0.5075 0.1886 0.0070
0.5125 0.1807 0.0068
0.5175 0.1696 0.0065
0.5225 0.1858 0.0068
0.5275 0.1855 0.0067
0.5325 0.1756 0.0065
0.5375 0.1799 0.0065
0.5425 0.1791 0.0065
0.5475 0.1686 0.0062
0.5525 0.1779 0.0064
0.5575 0.1747 0.0063
0.5625 0.1674 0.0061
0.5675 0.1738 0.0062
0.5725 0.1838 0.0063
0.5775 0.1777 0.0062
0.5825 0.1853 0.0063
0.5875 0.1870 0.0063
0.5925 0.1808 0.0061
0.5975 0.1798 0.0061
0.6025 0.1843 0.0061
0.6075 0.1721 0.0060
0.6125 0.1953 0.0065
0.6175 0.1890 0.0065
0.6225 0.1809 0.0063
0.6275 0.1931 0.0065
0.6325 0.1848 0.0064
0.6375 0.1973 0.0066
0.6425 0.1956 0.0066
0.6475 0.2005 0.0067
0.6525 0.1935 0.0066
0.6575 0.1925 0.0065
0.6625 0.2055 0.0068
0.6675 0.2016 0.0067
0.6725 0.1934 0.0065
0.6775 0.1972 0.0066
0.6825 0.1946 0.0067
0.6875 0.2009 0.0068
0.6925 0.2087 0.0069
0.6975 0.2021 0.0068
0.7025 0.2037 0.0068
0.7075 0.1906 0.0066
0.7125 0.1917 0.0066
0.7175 0.2063 0.0069
0.7225 0.2036 0.0068
0.7275 0.1995 0.0068
0.7325 0.2103 0.0069
0.7375 0.2052 0.0068
0.7425 0.2062 0.0069
0.7475 0.2029 0.0069
0.7525 0.2030 0.0069
0.7575 0.2194 0.0072
0.7625 0.2239 0.0073
0.7675 0.2113 0.0071
0.7725 0.2252 0.0073
0.7775 0.2185 0.0072
0.7825 0.2226 0.0073
0.7875 0.2290 0.0073
0.7925 0.2122 0.0071
0.7975 0.2296 0.0074
0.8025 0.2248 0.0073
0.8075 0.2372 0.0075
0.8125 0.2340 0.0074
0.8175 0.2353 0.0074
0.8225 0.2388 0.0075
0.8275 0.2285 0.0073
0.8325 0.2262 0.0073
0.8375 0.2239 0.0072
0.8425 0.2265 0.0073
0.8475 0.2317 0.0075
0.8525 0.2268 0.0077
0.8575 0.2394 0.0082
0.8625 0.2370 0.0083
0.8675 0.2287 0.0083
0.8725 0.2327 0.0085
0.8775 0.2491 0.0089
0.8825 0.2354 0.0085
0.8875 0.2384 0.0085
0.8925 0.2497 0.0086
0.8975 0.2569 0.0087
0.9025 0.2559 0.0087
0.9075 0.2403 0.0084
0.9125 0.2581 0.0086
0.9175 0.2490 0.0085
0.9225 0.2516 0.0085
0.9275 0.2266 0.0081
0.9325 0.2504 0.0085
0.9375 0.2617 0.0087
0.9425 0.2861 0.0091
0.9475 0.2743 0.0089
0.9525 0.2679 0.0088
0.9575 0.2713 0.0088
0.9625 0.2815 0.0089
0.9675 0.2595 0.0087
0.9725 0.2771 0.0089
0.9775 0.2796 0.0091
0.9825 0.2812 0.0092
0.9875 0.2734 0.0091
0.9925 0.2846 0.0093
0.9975 0.2904 0.0094
1.0025 0.2833 0.0093
1.0075 0.3017 0.0097
1.0125 0.2981 0.0097
1.0175 0.3033 0.0097
1.0225 0.2976 0.0097
1.0275 0.3192 0.0100
1.0325 0.2938 0.0096
1.0375 0.2956 0.0097
1.0425 0.3168 0.0100
1.0475 0.3187 0.0101
1.0525 0.3383 0.0104
1.0575 0.3246 0.0102
1.0625 0.3233 0.0102
1.0675 0.3180 0.0101
1.0725 0.3255 0.0102
1.0775 0.3270 0.0102
1.0825 0.3106 0.0099
1.0875 0.3230 0.0102
1.0925 0.3305 0.0103
1.0975 0.3354 0.0104
1.1025 0.3707 0.0109
1.1075 0.3482 0.0106
1.1125 0.3601 0.0108
1.1175 0.3395 0.0105
1.1225 0.3490 0.0106
1.1275 0.3453 0.0106
1.1325 0.3500 0.0107
1.1375 0.3705 0.0110
1.1425 0.3861 0.0112
1.1475 0.3711 0.0110
1.1525 0.3809 0.0111
1.1575 0.3679 0.0110
1.1625 0.3800 0.0111
1.1675 0.3933 0.0113
1.1725 0.3958 0.0114
1.1775 0.3995 0.0115
1.1825 0.4223 0.0118
1.1875 0.4160 0.0116
1.1925 0.4053 0.0114
1.1975 0.4228 0.0117
