0.0525 0.0711 0.0132
0.0575 0.0635 0.0130
0.0625 0.0890 0.0163
0.0675 0.0386 0.0111
0.0725 0.0544 0.0126
0.0775 0.0550 0.0118
0.0825 0.0668 0.0127
0.0875 0.0383 0.0091
0.0925 0.0521 0.0101
0.0975 0.0546 0.0095
0.1025 0.0372 0.0075
0.1075 0.0684 0.0098
0.1125 0.0662 0.0094
0.1175 0.0593 0.0086
0.1225 0.0804 0.0098
0.1275 0.0411 0.0068
0.1325 0.0775 0.0091
0.1375 0.0542 0.0074
0.1425 0.0515 0.0071
0.1475 0.0568 0.0073
0.1525 0.0797 0.0085
0.1575 0.0754 0.0081
0.1625 0.0963 0.0090
0.1675 0.0856 0.0083
0.1725 0.1211 0.0096
0.1775 0.1064 0.0090
0.1825 0.1365 0.0099
0.1875 0.1497 0.0102
0.1925 0.4847 0.0182
0.1975 2.0744 0.0372
0.2025 2.3372 0.0385
0.2075 1.0214 0.0253
0.2125 0.2444 0.0122
0.2175 0.1985 0.0109
0.2225 0.1775 0.0101
0.2275 0.1799 0.0100
0.2325 0.1778 0.0099
0.2375 0.1636 0.0094
0.2425 0.1456 0.0087
0.2475 0.1317 0.0082
0.2525 0.1205 0.0078
0.2575 0.1107 0.0074
0.2625 0.1129 0.0074
0.2675 0.1252 0.0076
0.2725 0.1090 0.0071
0.2775 0.1095 0.0071
0.2825 0.1078 0.0069
0.2875 0.0929 0.0063
0.2925 0.1032 0.0066
0.2975 0.1074 0.0067
0.3025 0.0947 0.0062
0.3075 0.0878 0.0060
0.3125 0.0822 0.0059
0.3175 0.0983 0.0064
0.3225 0.0949 0.0063
0.3275 0.0930 0.0063
0.3325 0.0953 0.0063
0.3375 0.0843 0.0060
0.3425 0.0984 0.0064
0.3475 0.0787 0.0056
0.3525 0.0891 0.0058
0.3575 0.0849 0.0056
0.3625 0.0885 0.0057
0.3675 0.0885 0.0056
0.3725 0.0937 0.0057
0.3775 0.0770 0.0052
0.3825 0.0875 0.0054
0.3875 0.0830 0.0052
0.3925 0.0928 0.0055
0.3975 0.0785 0.0050
0.4025 0.0896 0.0053
0.4075 0.0778 0.0049
0.4125 0.0809 0.0049
0.4175 0.0919 0.0052
0.4225 0.0900 0.0051
0.4275 0.0902 0.0051
0.4325 0.0876 0.0050
0.4375 0.0833 0.0048
0.4425 0.0816 0.0047
0.4475 0.0884 0.0049
0.4525 0.0901 0.0049
0.4575 0.0791 0.0047
0.4625 0.0820 0.0048
0.4675 0.0812 0.0048
0.4725 0.0782 0.0047
0.4775 0.0794 0.0048
0.4825 0.0844 0.0049
0.4875 0.0771 0.0047
0.4925 0.0767 0.0046
0.4975 0.0804 0.0047
0.5025 0.0793 0.0046
0.5075 0.0775 0.0045
0.5125 0.0783 0.0045
0.5175 0.0711 0.0042
0.5225 0.0832 0.0045
0.5275 0.0797 0.0044
0.5325 0.0802 0.0044
0.5375 0.0827 0.0044
0.5425 0.0809 0.0044
0.5475 0.0766 0.0042
0.5525 0.0756 0.0042
0.5575 0.0786 0.0042
0.5625 0.0800 0.0042
0.5675 0.0769 0.0041
0.5725 0.0882 0.0044
0.5775 0.0765 0.0041
0.5825 0.0783 0.0041
0.5875 0.0709 0.0039
0.5925 0.0849 0.0042
0.5975 0.0738 0.0039
0.6025 0.0807 0.0041
0.6075 0.0789 0.0041
0.6125 0.0767 0.0041
0.6175 0.0801 0.0042
0.6225 0.0802 0.0042
0.6275 0.0787 0.0042
0.6325 0.0712 0.0040
0.6375 0.0868 0.0044
0.6425 0.0756 0.0041
0.6475 0.0828 0.0043
0.6525 0.0783 0.0042
0.6575 0.0883 0.0044
0.6625 0.0822 0.0043
0.6675 0.0806 0.0042
0.6725 0.0724 0.0040
0.6775 0.0835 0.0043
0.6825 0.0887 0.0045
0.6875 0.0865 0.0044
0.6925 0.0868 0.0045
0.6975 0.0813 0.0043
0.7025 0.0895 0.0045
0.7075 0.0868 0.0045
0.7125 0.0829 0.0044
0.7175 0.0913 0.0046
0.7225 0.0886 0.0045
0.7275 0.0863 0.0045
0.7325 0.0951 0.0047
0.7375 0.0927 0.0046
0.7425 0.0942 0.0047
0.7475 0.0837 0.0044
0.7525 0.0952 0.0047
0.7575 0.0944 0.0047
0.7625 0.1004 0.0049
0.7675 0.0943 0.0047
0.7725 0.0955 0.0048
0.7775 0.0940 0.0047
0.7825 0.1039 0.0050
0.7875 0.0992 0.0048
0.7925 0.0876 0.0045
0.7975 0.0995 0.0048
0.8025 0.0938 0.0047
0.8075 0.1112 0.0051
0.8125 0.0946 0.0047
0.8175 0.0933 0.0047
0.8225 0.0991 0.0048
0.8275 0.1039 0.0049
0.8325 0.1023 0.0049
0.8375 0.1043 0.0049
0.8425 0.1014 0.0049
0.8475 0.0963 0.0049
0.8525 0.0976 0.0051
0.8575 0.1026 0.0054
0.8625 0.1084 0.0056
0.8675 0.1072 0.0057
0.8725 0.1196 0.0061
0.8775 0.1050 0.0058
0.8825 0.1111 0.0058
0.8875 0.0997 0.0055
0.8925 0.1115 0.0058
0.8975 0.1107 0.0057
0.9025 0.1183 0.0059
0.9075 0.1167 0.0058
0.9125 0.1103 0.0056
0.9175 0.1173 0.0058
0.9225 0.1290 0.0061
0.9275 0.1146 0.0058
0.9325 0.1134 0.0057
0.9375 0.1109 0.0057
0.9425 0.1250 0.0060
0.9475 0.1124 0.0057
0.9525 0.1131 0.0057
0.9575 0.1318 0.0061
0.9625 0.1212 0.0059
0.9675 0.1202 0.0060
0.9725 0.1365 0.0063
0.9775 0.1295 0.0062
0.9825 0.1214 0.0060
0.9875 0.1201 0.0060
0.9925 0.1276 0.0062
0.9975 0.1414 0.0066
1.0025 0.1202 0.0061
1.0075 0.1273 0.0063
1.0125 0.1219 0.0062
1.0175 0.1236 0.0062
1.0225 0.1416 0.0067
1.0275 0.1353 0.0065
1.0325 0.1322 0.0065
1.0375 0.1312 0.0065
1.0425 0.1461 0.0068
1.0475 0.1414 0.0067
1.0525 0.1367 0.0066
1.0575 0.1395 0.0067
1.0625 0.1313 0.0065
1.0675 0.1400 0.0067
1.0725 0.1549 0.0070
1.0775 0.1581 0.0071
1.0825 0.1479 0.0069
1.0875 0.1561 0.0071
1.0925 0.1478 0.0069
1.0975 0.1557 0.0071
1.1025 0.1433 0.0068
1.1075 0.1585 0.0071
1.1125 0.1521 0.0070
1.1175 0.1537 0.0070
1.1225 0.1492 0.0070
1.1275 0.1552 0.0071
1.1325 0.1699 0.0074
1.1375 0.1572 0.0072
1.1425 0.1529 0.0070
1.1475 0.1707 0.0074
1.1525 0.1712 0.0075
1.1575 0.1743 0.0075
1.1625 0.1870 0.0078
1.1675 0.1649 0.0073
1.1725 0.1871 0.0078
1.1775 0.1666 0.0074
1.1825 0.1720 0.0075
1.1875 0.1768 0.0076
1.1925 0.1793 0.0076
1.1975 0.1842 0.0077
