0.0525 0.0705 0.0132
0.0575 0.0657 0.0132
0.0625 0.0553 0.0128
0.0675 0.0577 0.0136
0.0725 0.0569 0.0129
0.0775 0.0716 0.0134
0.0825 0.0591 0.0119
0.0875 0.0361 0.0088
0.0925 0.0386 0.0087
0.0975 0.0574 0.0098
0.1025 0.0533 0.0089
0.1075 0.0657 0.0096
0.1125 0.0771 0.0101
0.1175 0.0688 0.0093
0.1225 0.0709 0.0092
0.1275 0.0763 0.0093
0.1325 0.0761 0.0090
0.1375 0.0764 0.0088
0.1425 0.0889 0.0093
0.1475 0.0862 0.0090
0.1525 0.0940 0.0092
0.1575 0.1024 0.0094
0.1625 0.1053 0.0094
0.1675 0.1073 0.0093
0.1725 0.1232 0.0097
0.1775 0.1520 0.0107
0.1825 0.1631 0.0109
0.1875 0.1957 0.0117
0.1925 0.6164 0.0205
0.1975 2.2121 0.0384
0.2025 2.5913 0.0405
0.2075 0.5889 0.0192
0.2125 0.3089 0.0137
0.2175 0.2456 0.0121
0.2225 0.2514 0.0120
0.2275 0.2174 0.0110
0.2325 0.1914 0.0103
0.2375 0.1566 0.0092
0.2425 0.1644 0.0093
0.2475 0.1668 0.0092
0.2525 0.1520 0.0087
0.2575 0.1486 0.0085
0.2625 0.1488 0.0085
0.2675 0.1240 0.0076
0.2725 0.1295 0.0077
0.2775 0.1294 0.0077
0.2825 0.1321 0.0076
0.2875 0.1172 0.0071
0.2925 0.1169 0.0071
0.2975 0.0974 0.0064
0.3025 0.1023 0.0064
0.3075 0.1035 0.0065
0.3125 0.0940 0.0063
0.3175 0.0975 0.0064
0.3225 0.0966 0.0064
0.3275 0.0909 0.0062
0.3325 0.0814 0.0059
0.3375 0.1024 0.0066
0.3425 0.0872 0.0060
0.3475 0.0969 0.0062
0.3525 0.0957 0.0061
0.3575 0.0875 0.0057
0.3625 0.0995 0.0060
0.3675 0.0953 0.0058
0.3725 0.0935 0.0057
0.3775 0.0924 0.0056
0.3825 0.0872 0.0054
0.3875 0.0828 0.0052
0.3925 0.0761 0.0050
0.3975 0.0841 0.0052
0.4025 0.0876 0.0053
0.4075 0.0868 0.0052
0.4125 0.0803 0.0049
0.4175 0.0965 0.0054
0.4225 0.0883 0.0051
0.4275 0.0894 0.0051
0.4325 0.0856 0.0049
0.4375 0.0788 0.0047
0.4425 0.0844 0.0048
0.4475 0.0800 0.0047
0.4525 0.0827 0.0047
0.4575 0.0860 0.0049
0.4625 0.0846 0.0049
0.4675 0.0784 0.0047
0.4725 0.0801 0.0048
0.4775 0.0790 0.0047
0.4825 0.0695 0.0044
0.4875 0.0732 0.0046
0.4925 0.0840 0.0048
0.4975 0.0784 0.0046
0.5025 0.0815 0.0046
0.5075 0.0728 0.0043
0.5125 0.0781 0.0044
0.5175 0.0729 0.0043
0.5225 0.0743 0.0043
0.5275 0.0767 0.0043
0.5325 0.0910 0.0047
0.5375 0.0886 0.0046
0.5425 0.0778 0.0043
0.5475 0.0804 0.0043
0.5525 0.0823 0.0043
0.5575 0.0727 0.0041
0.5625 0.0711 0.0040
0.5675 0.0741 0.0040
0.5725 0.0830 0.0043
0.5775 0.0822 0.0042
0.5825 0.0791 0.0041
0.5875 0.0808 0.0041
0.5925 0.0852 0.0042
0.5975 0.0816 0.0041
0.6025 0.0812 0.0041
0.6075 0.0883 0.0043
0.6125 0.0784 0.0041
0.6175 0.0832 0.0043
0.6225 0.0834 0.0043
0.6275 0.0848 0.0043
0.6325 0.0842 0.0043
0.6375 0.0867 0.0044
0.6425 0.0871 0.0044
0.6475 0.0843 0.0043
0.6525 0.0855 0.0044
0.6575 0.0764 0.0041
0.6625 0.0862 0.0044
0.6675 0.0774 0.0041
0.6725 0.0843 0.0043
0.6775 0.0854 0.0044
0.6825 0.0930 0.0046
0.6875 0.0913 0.0046
0.6925 0.0801 0.0043
0.6975 0.0906 0.0046
0.7025 0.0870 0.0045
0.7075 0.0780 0.0042
0.7125 0.0913 0.0046
0.7175 0.0916 0.0046
0.7225 0.0950 0.0047
0.7275 0.0979 0.0047
0.7325 0.0903 0.0045
0.7375 0.0952 0.0047
0.7425 0.0859 0.0045
0.7475 0.0982 0.0048
0.7525 0.0863 0.0045
0.7575 0.0892 0.0046
0.7625 0.0961 0.0048
0.7675 0.1018 0.0049
0.7725 0.0969 0.0048
0.7775 0.0970 0.0048
0.7825 0.1016 0.0049
0.7875 0.1021 0.0049
0.7925 0.1100 0.0051
0.7975 0.1010 0.0049
0.8025 0.0980 0.0048
0.8075 0.1082 0.0050
0.8125 0.0894 0.0046
0.8175 0.1025 0.0049
0.8225 0.1047 0.0050
0.8275 0.1045 0.0050
0.8325 0.1031 0.0049
0.8375 0.1104 0.0051
0.8425 0.1095 0.0051
0.8475 0.1076 0.0051
0.8525 0.0963 0.0050
0.8575 0.0982 0.0053
0.8625 0.1059 0.0056
0.8675 0.0971 0.0054
0.8725 0.1293 0.0063
0.8775 0.1055 0.0058
0.8825 0.1069 0.0057
0.8875 0.1111 0.0058
0.8925 0.1106 0.0057
0.8975 0.1110 0.0057
0.9025 0.1163 0.0058
0.9075 0.1093 0.0056
0.9125 0.1194 0.0059
0.9175 0.1319 0.0062
0.9225 0.1059 0.0055
0.9275 0.1191 0.0059
0.9325 0.1188 0.0058
0.9375 0.1120 0.0057
0.9425 0.1247 0.0060
0.9475 0.1123 0.0057
0.9525 0.1200 0.0059
0.9575 0.1347 0.0062
0.9625 0.1236 0.0059
0.9675 0.1118 0.0057
0.9725 0.1127 0.0057
0.9775 0.1253 0.0061
0.9825 0.1321 0.0063
0.9875 0.1253 0.0061
0.9925 0.1363 0.0064
0.9975 0.1441 0.0066
1.0025 0.1314 0.0064
1.0075 0.1275 0.0063
1.0125 0.1401 0.0066
1.0175 0.1322 0.0064
1.0225 0.1400 0.0066
1.0275 0.1336 0.0065
1.0325 0.1556 0.0070
1.0375 0.1439 0.0068
1.0425 0.1388 0.0067
1.0475 0.1499 0.0069
1.0525 0.1344 0.0066
1.0575 0.1461 0.0069
1.0625 0.1467 0.0069
1.0675 0.1393 0.0067
1.0725 0.1520 0.0070
1.0775 0.1505 0.0069
1.0825 0.1588 0.0071
1.0875 0.1576 0.0071
1.0925 0.1616 0.0072
1.0975 0.1497 0.0069
1.1025 0.1611 0.0072
1.1075 0.1585 0.0071
1.1125 0.1657 0.0073
1.1175 0.1669 0.0073
1.1225 0.1512 0.0070
1.1275 0.1664 0.0073
1.1325 0.1752 0.0076
1.1375 0.1718 0.0075
1.1425 0.1713 0.0075
1.1475 0.1669 0.0074
1.1525 0.1684 0.0074
1.1575 0.1746 0.0076
1.1625 0.1767 0.0076
1.1675 0.1925 0.0079
1.1725 0.1818 0.0077
1.1775 0.1998 0.0081
1.1825 0.1979 0.0080
1.1875 0.1914 0.0079
1.1925 0.2025 0.0081
1.1975 0.1870 0.0078
